0 0.5464925396825396 0.9249530158730157 0.01904761904761905 0.01904761904761905 
0 0.2819322222222222 0.7758279365079366 0.01904761904761905 0.01904761904761905 
2 0.8010212698412699 0.2518066666666667 0.02857142857142857 0.02857142857142857 
2 0.21329079365079365 0.9428347619047619 0.02857142857142857 0.02857142857142857 
3 0.9043534920634921 0.3096130158730159 0.047619047619047616 0.047619047619047616 
3 0.3892239682539682 0.4763477777777778 0.047619047619047616 0.047619047619047616 
3 0.593708888888889 0.7208676190476191 0.047619047619047616 0.047619047619047616 
3 0.8623153968253969 0.31401523809523807 0.047619047619047616 0.047619047619047616 
3 0.8638514285714286 0.3926196825396825 0.047619047619047616 0.047619047619047616 
3 0.9051360317460316 0.36235111111111107 0.047619047619047616 0.047619047619047616 
3 0.8184493650793652 0.3573020634920635 0.047619047619047616 0.047619047619047616 
3 0.7912498412698412 0.7040173015873017 0.047619047619047616 0.047619047619047616 
3 0.764501746031746 0.6664314285714286 0.047619047619047616 0.047619047619047616 
3 0.6878503174603176 0.7153131746031746 0.047619047619047616 0.047619047619047616 
3 0.6065171428571429 0.7522590476190476 0.047619047619047616 0.047619047619047616 
3 0.6743784126984126 0.6705377777777778 0.047619047619047616 0.047619047619047616 
4 0.33209253968253966 0.3125295238095238 0.04126984126984127 0.04126984126984127 
4 0.33988253968253973 0.7131831746031746 0.04126984126984127 0.04126984126984127 
4 0.8489868253968255 0.8946896825396825 0.04126984126984127 0.04126984126984127 
4 0.39775142857142853 0.25859380952380956 0.04126984126984127 0.04126984126984127 
4 0.12072492063492064 0.6599038095238096 0.04126984126984127 0.04126984126984127 
4 0.5953296825396825 0.29407809523809525 0.04126984126984127 0.04126984126984127 
4 0.49423793650793657 0.7178734920634922 0.04126984126984127 0.04126984126984127 
4 0.14642857142857144 0.8111111111111111 0.04126984126984127 0.04126984126984127 
4 0.7646593650793652 0.771528253968254 0.04126984126984127 0.04126984126984127 
4 0.7081453968253968 0.5683653968253968 0.04126984126984127 0.04126984126984127 
4 0.4679066666666667 0.20595238095238094 0.04126984126984127 0.04126984126984127 
5 0.6530042857142857 0.2444488888888889 0.04285714285714286 0.04285714285714286 
5 0.06419380952380951 0.4297238095238095 0.04285714285714286 0.04285714285714286 
5 0.16011873015873018 0.9443195238095238 0.04285714285714286 0.04285714285714286 
