0 0.7785904761904762 0.17314968253968255 0.01904761904761905 0.01904761904761905 
0 0.8041471428571428 0.310214126984127 0.01904761904761905 0.01904761904761905 
0 0.4923444444444445 0.20300285714285712 0.01904761904761905 0.01904761904761905 
0 0.6686384126984126 0.31965174603174606 0.01904761904761905 0.01904761904761905 
4 0.7474646031746032 0.9517803174603175 0.04126984126984127 0.04126984126984127 
4 0.8583979365079365 0.19304174603174604 0.04126984126984127 0.04126984126984127 
4 0.5502201587301587 0.7738428571428572 0.04126984126984127 0.04126984126984127 
4 0.1879450793650794 0.8151007936507937 0.04126984126984127 0.04126984126984127 
5 0.6674620634920636 0.08162507936507937 0.04285714285714286 0.04285714285714286 
5 0.9025504761904762 0.9253398412698411 0.04285714285714286 0.04285714285714286 
5 0.8378366666666666 0.48236841269841263 0.04285714285714286 0.04285714285714286 
5 0.9125479365079364 0.620855873015873 0.04285714285714286 0.04285714285714286 
