0 0.16036968253968253 0.27917714285714285 0.01904761904761905 0.01904761904761905 
0 0.6858453968253968 0.8819668253968254 0.01904761904761905 0.01904761904761905 
0 0.645704126984127 0.4142744444444445 0.01904761904761905 0.01904761904761905 
0 0.6622830158730159 0.46908492063492063 0.01904761904761905 0.01904761904761905 
2 0.33887968253968254 0.5788925396825397 0.02857142857142857 0.02857142857142857 
2 0.37579126984126987 0.8248904761904763 0.02857142857142857 0.02857142857142857 
3 0.8372861904761906 0.8393842857142857 0.047619047619047616 0.047619047619047616 
3 0.8719138095238095 0.8224011111111111 0.047619047619047616 0.047619047619047616 
3 0.8824323809523809 0.8613576190476191 0.047619047619047616 0.047619047619047616 
3 0.8432442857142858 0.7879612698412698 0.047619047619047616 0.047619047619047616 
3 0.8144185714285714 0.8128628571428572 0.047619047619047616 0.047619047619047616 
3 0.8945801587301586 0.7625242857142858 0.047619047619047616 0.047619047619047616 
3 0.8106092063492063 0.7675020634920635 0.047619047619047616 0.047619047619047616 
3 0.04534301587301587 0.7604868253968253 0.047619047619047616 0.047619047619047616 
3 0.03640174603174603 0.685171746031746 0.047619047619047616 0.047619047619047616 
3 0.05532253968253968 0.7255179365079365 0.047619047619047616 0.047619047619047616 
3 0.022847460317460315 0.7983090476190475 0.047619047619047616 0.047619047619047616 
3 0.20216634920634918 0.6963020634920636 0.047619047619047616 0.047619047619047616 
3 0.19619587301587302 0.741953492063492 0.047619047619047616 0.047619047619047616 
3 0.06999746031746032 0.6136788888888889 0.047619047619047616 0.047619047619047616 
3 0.12054238095238094 0.6818449206349205 0.047619047619047616 0.047619047619047616 
3 0.1378747619047619 0.6180533333333333 0.047619047619047616 0.047619047619047616 
3 0.1273263492063492 0.734149365079365 0.047619047619047616 0.047619047619047616 
3 0.06254936507936507 0.10448317460317459 0.047619047619047616 0.047619047619047616 
3 0.14633587301587303 0.04413190476190476 0.047619047619047616 0.047619047619047616 
3 0.15944984126984127 0.013746984126984125 0.047619047619047616 0.047619047619047616 
3 0.2038431746031746 0.06547158730158731 0.047619047619047616 0.047619047619047616 
3 0.1612261904761905 0.10161873015873016 0.047619047619047616 0.047619047619047616 
3 0.14231063492063492 0.15360412698412698 0.047619047619047616 0.047619047619047616 
3 0.16158492063492064 0.1572952380952381 0.047619047619047616 0.047619047619047616 
3 0.7388257142857143 0.1900763492063492 0.047619047619047616 0.047619047619047616 
3 0.4716296825396825 0.02026063492063492 0.047619047619047616 0.047619047619047616 
4 0.1972887301587302 0.2324831746031746 0.04126984126984127 0.04126984126984127 
4 0.5631136507936507 0.7572453968253968 0.04126984126984127 0.04126984126984127 
4 0.754922380952381 0.7058795238095239 0.04126984126984127 0.04126984126984127 
4 0.6189780952380952 0.8264574603174603 0.04126984126984127 0.04126984126984127 
4 0.7648925396825398 0.9450374603174604 0.04126984126984127 0.04126984126984127 
4 0.14449 0.4454246031746032 0.04126984126984127 0.04126984126984127 
4 0.683444126984127 0.502888253968254 0.04126984126984127 0.04126984126984127 
4 0.2809704761904762 0.33260285714285714 0.04126984126984127 0.04126984126984127 
4 0.13765428571428573 0.23862428571428573 0.04126984126984127 0.04126984126984127 
4 0.2648809523809524 0.18253968253968253 0.04126984126984127 0.04126984126984127 
4 0.4149030158730159 0.5253968253968254 0.04126984126984127 0.04126984126984127 
4 0.5640306349206349 0.3380668253968254 0.04126984126984127 0.04126984126984127 
4 0.7126984126984127 0.6873015873015873 0.04126984126984127 0.04126984126984127 
5 0.14464920634920633 0.8949844444444444 0.04285714285714286 0.04285714285714286 
5 0.8857314285714286 0.19696190476190473 0.04285714285714286 0.04285714285714286 
5 0.7564412698412698 0.5507879365079364 0.04285714285714286 0.04285714285714286 
5 0.959674126984127 0.37148555555555557 0.04285714285714286 0.04285714285714286 
