0 0.7223079365079365 0.3408717460317461 0.01904761904761905 0.01904761904761905 
0 0.7135015873015873 0.32586920634920635 0.01904761904761905 0.01904761904761905 
0 0.5676866666666667 0.4146809523809523 0.01904761904761905 0.01904761904761905 
0 0.6498638095238095 0.4075138095238095 0.01904761904761905 0.01904761904761905 
0 0.6181150793650794 0.38988428571428574 0.01904761904761905 0.01904761904761905 
0 0.6408138095238095 0.4601871428571429 0.01904761904761905 0.01904761904761905 
0 0.6914600000000001 0.4498953968253968 0.01904761904761905 0.01904761904761905 
0 0.5329039682539684 0.32922841269841274 0.01904761904761905 0.01904761904761905 
0 0.3417603174603175 0.13444111111111112 0.01904761904761905 0.01904761904761905 
3 0.09826412698412698 0.13505809523809525 0.047619047619047616 0.047619047619047616 
3 0.2952884126984127 0.058056190476190477 0.047619047619047616 0.047619047619047616 
4 0.9619047619047619 0.8873015873015873 0.04126984126984127 0.04126984126984127 
