0 0.04528444444444444 0.21894142857142856 0.01904761904761905 0.01904761904761905 
0 0.9197385714285714 0.39004793650793657 0.01904761904761905 0.01904761904761905 
0 0.5004884126984127 0.760402857142857 0.01904761904761905 0.01904761904761905 
0 0.4726738095238095 0.7356660317460317 0.01904761904761905 0.01904761904761905 
2 0.7604761904761905 0.7796190476190477 0.02857142857142857 0.02857142857142857 
2 0.6075784126984127 0.8375860317460319 0.02857142857142857 0.02857142857142857 
4 0.44806111111111113 0.4722001587301587 0.04126984126984127 0.04126984126984127 
4 0.4721634920634921 0.9185425396825397 0.04126984126984127 0.04126984126984127 
4 0.7336868253968254 0.6726987301587302 0.04126984126984127 0.04126984126984127 
4 0.27676031746031743 0.09616555555555556 0.04126984126984127 0.04126984126984127 
4 0.8583979365079365 0.19304174603174604 0.04126984126984127 0.04126984126984127 
4 0.5502201587301587 0.7738428571428572 0.04126984126984127 0.04126984126984127 
4 0.1879450793650794 0.8151007936507937 0.04126984126984127 0.04126984126984127 
5 0.6674620634920636 0.08162507936507937 0.04285714285714286 0.04285714285714286 
5 0.9025504761904762 0.9253398412698411 0.04285714285714286 0.04285714285714286 
5 0.8378366666666666 0.48236841269841263 0.04285714285714286 0.04285714285714286 
5 0.477 0.6534515873015873 0.04285714285714286 0.04285714285714286 
