0 0.15394857142857143 0.7551919047619048 0.01904761904761905 0.01904761904761905 
0 0.7608046031746032 0.5488625396825396 0.01904761904761905 0.01904761904761905 
0 0.1338952380952381 0.7684160317460317 0.01904761904761905 0.01904761904761905 
2 0.4876984126984127 0.7317460317460317 0.02857142857142857 0.02857142857142857 
2 0.34152793650793656 0.7420569841269842 0.02857142857142857 0.02857142857142857 
2 0.7116895238095239 0.7255504761904762 0.02857142857142857 0.02857142857142857 
3 0.9102285714285714 0.8805315873015873 0.047619047619047616 0.047619047619047616 
3 0.03683206349206349 0.7036350793650794 0.047619047619047616 0.047619047619047616 
3 0.01545079365079365 0.7398701587301587 0.047619047619047616 0.047619047619047616 
3 0.1031915873015873 0.5210826984126984 0.047619047619047616 0.047619047619047616 
3 0.14334682539682542 0.5384080952380952 0.047619047619047616 0.047619047619047616 
3 0.10012444444444445 0.5750169841269841 0.047619047619047616 0.047619047619047616 
3 0.2388006349206349 0.5198752380952381 0.047619047619047616 0.047619047619047616 
3 0.4197739682539683 0.7034771428571429 0.047619047619047616 0.047619047619047616 
3 0.3879774603174603 0.7250301587301586 0.047619047619047616 0.047619047619047616 
3 0.39184825396825396 0.6510230158730158 0.047619047619047616 0.047619047619047616 
3 0.48858412698412695 0.9638474603174603 0.047619047619047616 0.047619047619047616 
3 0.31702650793650794 0.2239990476190476 0.047619047619047616 0.047619047619047616 
3 0.10539190476190477 0.3676504761904762 0.047619047619047616 0.047619047619047616 
3 0.14519761904761905 0.38591349206349207 0.047619047619047616 0.047619047619047616 
3 0.142655873015873 0.12054365079365079 0.047619047619047616 0.047619047619047616 
3 0.14070873015873017 0.2165063492063492 0.047619047619047616 0.047619047619047616 
3 0.7947933333333334 0.4593066666666667 0.047619047619047616 0.047619047619047616 
3 0.7460907936507937 0.3351679365079365 0.047619047619047616 0.047619047619047616 
3 0.7278858730158729 0.2919277777777778 0.047619047619047616 0.047619047619047616 
3 0.7263638095238095 0.24127238095238093 0.047619047619047616 0.047619047619047616 
3 0.4648273015873015 0.3483430158730159 0.047619047619047616 0.047619047619047616 
3 0.4652228571428571 0.29486952380952386 0.047619047619047616 0.047619047619047616 
3 0.9105406349206349 0.9577914285714285 0.047619047619047616 0.047619047619047616 
4 0.0502436507936508 0.28694031746031745 0.04126984126984127 0.04126984126984127 
4 0.32107079365079366 0.7643080952380952 0.04126984126984127 0.04126984126984127 
4 0.2750209523809524 0.4510442857142858 0.04126984126984127 0.04126984126984127 
4 0.957967619047619 0.5771007936507937 0.04126984126984127 0.04126984126984127 
4 0.5957207936507937 0.8203569841269841 0.04126984126984127 0.04126984126984127 
5 0.019417777777777777 0.8932930158730158 0.04285714285714286 0.04285714285714286 
5 0.23061349206349205 0.7611976190476191 0.04285714285714286 0.04285714285714286 
5 0.7158047619047619 0.8157265079365079 0.04285714285714286 0.04285714285714286 
