0 0.12232142857142857 0.17637476190476192 0.01904761904761905 0.01904761904761905 
0 0.10618825396825397 0.16530936507936508 0.01904761904761905 0.01904761904761905 
0 0.26021587301587296 0.7699107936507937 0.01904761904761905 0.01904761904761905 
0 0.7006631746031746 0.5538220634920635 0.01904761904761905 0.01904761904761905 
0 0.4707103174603175 0.3798084126984127 0.01904761904761905 0.01904761904761905 
2 0.8636257142857143 0.3417961904761904 0.02857142857142857 0.02857142857142857 
2 0.9262904761904762 0.8798398412698412 0.02857142857142857 0.02857142857142857 
3 0.2806063492063492 0.5101474603174603 0.047619047619047616 0.047619047619047616 
3 0.3041820634920635 0.5438520634920635 0.047619047619047616 0.047619047619047616 
3 0.18596920634920636 0.519890634920635 0.047619047619047616 0.047619047619047616 
3 0.23415936507936508 0.5426836507936509 0.047619047619047616 0.047619047619047616 
3 0.1357468253968254 0.3025022222222222 0.047619047619047616 0.047619047619047616 
3 0.16531476190476188 0.26016079365079364 0.047619047619047616 0.047619047619047616 
3 0.6032239682539683 0.08083587301587301 0.047619047619047616 0.047619047619047616 
3 0.7399749206349205 0.03190888888888889 0.047619047619047616 0.047619047619047616 
3 0.481412380952381 0.2859761904761905 0.047619047619047616 0.047619047619047616 
3 0.5208587301587301 0.28359555555555555 0.047619047619047616 0.047619047619047616 
3 0.54149 0.5833103174603175 0.047619047619047616 0.047619047619047616 
3 0.6451403174603174 0.6120177777777778 0.047619047619047616 0.047619047619047616 
3 0.6497841269841269 0.44554079365079363 0.047619047619047616 0.047619047619047616 
3 0.7671820634920635 0.44215206349206343 0.047619047619047616 0.047619047619047616 
3 0.7908333333333334 0.4781561904761905 0.047619047619047616 0.047619047619047616 
3 0.7534057142857142 0.5154038095238095 0.047619047619047616 0.047619047619047616 
3 0.9850336507936509 0.506354126984127 0.047619047619047616 0.047619047619047616 
3 0.9012809523809524 0.4817125396825397 0.047619047619047616 0.047619047619047616 
3 0.8688784126984128 0.8790728571428571 0.047619047619047616 0.047619047619047616 
3 0.2957795238095238 0.2889203174603175 0.047619047619047616 0.047619047619047616 
3 0.6842193650793652 0.4127739682539682 0.047619047619047616 0.047619047619047616 
3 0.6072979365079365 0.4077103174603174 0.047619047619047616 0.047619047619047616 
4 0.889809365079365 0.25775333333333333 0.04126984126984127 0.04126984126984127 
4 0.8015715873015873 0.6545261904761905 0.04126984126984127 0.04126984126984127 
4 0.9367920634920635 0.8555661904761905 0.04126984126984127 0.04126984126984127 
4 0.32303571428571426 0.023095238095238096 0.04126984126984127 0.04126984126984127 
4 0.9015322222222223 0.6629519047619047 0.04126984126984127 0.04126984126984127 
