0 0.6440650793650794 0.9155346031746033 0.01904761904761905 0.01904761904761905 
0 0.050505555555555554 0.7937426984126984 0.01904761904761905 0.01904761904761905 
2 0.876839365079365 0.5160676190476191 0.02857142857142857 0.02857142857142857 
2 0.28214285714285714 0.5794312698412698 0.02857142857142857 0.02857142857142857 
2 0.7604761904761905 0.7796190476190477 0.02857142857142857 0.02857142857142857 
2 0.6075784126984127 0.8375860317460319 0.02857142857142857 0.02857142857142857 
4 0.44806111111111113 0.4722001587301587 0.04126984126984127 0.04126984126984127 
4 0.4721634920634921 0.9185425396825397 0.04126984126984127 0.04126984126984127 
4 0.7336868253968254 0.6726987301587302 0.04126984126984127 0.04126984126984127 
4 0.27676031746031743 0.09616555555555556 0.04126984126984127 0.04126984126984127 
4 0.7130317460317461 0.3405396825396826 0.04126984126984127 0.04126984126984127 
4 0.38232158730158733 0.399345873015873 0.04126984126984127 0.04126984126984127 
4 0.5978749206349206 0.2505420634920635 0.04126984126984127 0.04126984126984127 
5 0.7392993650793651 0.9326847619047619 0.04285714285714286 0.04285714285714286 
5 0.477 0.6534515873015873 0.04285714285714286 0.04285714285714286 
5 0.5155666666666667 0.7163587301587302 0.04285714285714286 0.04285714285714286 
