0 0.9708428571428572 0.4142798412698413 0.01904761904761905 0.01904761904761905 
0 0.5919619047619048 0.40732746031746037 0.01904761904761905 0.01904761904761905 
0 0.6089379365079365 0.42439539682539684 0.01904761904761905 0.01904761904761905 
0 0.6500671428571427 0.45800365079365074 0.01904761904761905 0.01904761904761905 
0 0.6407452380952381 0.4403012698412699 0.01904761904761905 0.01904761904761905 
0 0.6211896825396825 0.44505190476190476 0.01904761904761905 0.01904761904761905 
0 0.668505238095238 0.4885088888888889 0.01904761904761905 0.01904761904761905 
2 0.12771666666666667 0.31394380952380957 0.02857142857142857 0.02857142857142857 
2 0.6555555555555556 0.5899471428571429 0.02857142857142857 0.02857142857142857 
3 0.8372861904761906 0.8393842857142857 0.047619047619047616 0.047619047619047616 
3 0.8979287301587302 0.8204214285714285 0.047619047619047616 0.047619047619047616 
3 0.8824323809523809 0.8613576190476191 0.047619047619047616 0.047619047619047616 
3 0.8432442857142858 0.7879612698412698 0.047619047619047616 0.047619047619047616 
3 0.86556873015873 0.7454212698412699 0.047619047619047616 0.047619047619047616 
3 0.8106092063492063 0.7675020634920635 0.047619047619047616 0.047619047619047616 
3 0.14633587301587303 0.04413190476190476 0.047619047619047616 0.047619047619047616 
3 0.15944984126984127 0.013746984126984125 0.047619047619047616 0.047619047619047616 
3 0.09826412698412698 0.13505809523809525 0.047619047619047616 0.047619047619047616 
3 0.1612261904761905 0.10161873015873016 0.047619047619047616 0.047619047619047616 
3 0.14231063492063492 0.15360412698412698 0.047619047619047616 0.047619047619047616 
3 0.26817 0.019576190476190476 0.047619047619047616 0.047619047619047616 
3 0.7215380952380952 0.2442693650793651 0.047619047619047616 0.047619047619047616 
3 0.4716296825396825 0.02026063492063492 0.047619047619047616 0.047619047619047616 
3 0.07986380952380952 0.06241920634920635 0.047619047619047616 0.047619047619047616 
4 0.8336166666666667 0.3318177777777778 0.04126984126984127 0.04126984126984127 
4 0.9054296825396826 0.32688539682539686 0.04126984126984127 0.04126984126984127 
4 0.9407430158730159 0.2836796825396825 0.04126984126984127 0.04126984126984127 
4 0.7885155555555556 0.3571393650793651 0.04126984126984127 0.04126984126984127 
4 0.1972887301587302 0.2324831746031746 0.04126984126984127 0.04126984126984127 
4 0.5631136507936507 0.7572453968253968 0.04126984126984127 0.04126984126984127 
4 0.754922380952381 0.7058795238095239 0.04126984126984127 0.04126984126984127 
4 0.23488460317460316 0.3996392063492063 0.04126984126984127 0.04126984126984127 
4 0.6439596825396825 0.5375009523809523 0.04126984126984127 0.04126984126984127 
4 0.5640306349206349 0.3380668253968254 0.04126984126984127 0.04126984126984127 
