0 0.17444968253968252 0.28895603174603174 0.01904761904761905 0.01904761904761905 
0 0.16187793650793653 0.29521126984126983 0.01904761904761905 0.01904761904761905 
0 0.7096942857142857 0.3383455555555556 0.01904761904761905 0.01904761904761905 
0 0.653132380952381 0.38826904761904757 0.01904761904761905 0.01904761904761905 
0 0.5955626984126984 0.39764603174603175 0.01904761904761905 0.01904761904761905 
0 0.6257804761904762 0.4223325396825397 0.01904761904761905 0.01904761904761905 
0 0.6364396825396825 0.46778460317460313 0.01904761904761905 0.01904761904761905 
0 0.6532728571428571 0.44721047619047616 0.01904761904761905 0.01904761904761905 
0 0.6798304761904761 0.46250142857142856 0.01904761904761905 0.01904761904761905 
0 0.5709457142857143 0.41158936507936505 0.01904761904761905 0.01904761904761905 
0 0.553483492063492 0.4153252380952381 0.01904761904761905 0.01904761904761905 
0 0.5763776190476191 0.39629 0.01904761904761905 0.01904761904761905 
3 0.8979287301587302 0.8204214285714285 0.047619047619047616 0.047619047619047616 
3 0.86556873015873 0.7454212698412699 0.047619047619047616 0.047619047619047616 
3 0.09826412698412698 0.13505809523809525 0.047619047619047616 0.047619047619047616 
3 0.2952884126984127 0.058056190476190477 0.047619047619047616 0.047619047619047616 
3 0.26817 0.019576190476190476 0.047619047619047616 0.047619047619047616 
3 0.7215380952380952 0.2442693650793651 0.047619047619047616 0.047619047619047616 
3 0.07986380952380952 0.06241920634920635 0.047619047619047616 0.047619047619047616 
4 0.9054296825396826 0.32688539682539686 0.04126984126984127 0.04126984126984127 
4 0.23488460317460316 0.3996392063492063 0.04126984126984127 0.04126984126984127 
4 0.6439596825396825 0.5375009523809523 0.04126984126984127 0.04126984126984127 
