0 0.16036968253968253 0.27917714285714285 0.01904761904761905 0.01904761904761905 
2 0.2404619047619048 0.26074587301587304 0.02857142857142857 0.02857142857142857 
3 0.8372861904761906 0.8393842857142857 0.047619047619047616 0.047619047619047616 
3 0.8719138095238095 0.8224011111111111 0.047619047619047616 0.047619047619047616 
3 0.8144185714285714 0.8128628571428572 0.047619047619047616 0.047619047619047616 
3 0.8945801587301586 0.7625242857142858 0.047619047619047616 0.047619047619047616 
3 0.8106092063492063 0.7675020634920635 0.047619047619047616 0.047619047619047616 
3 0.04534301587301587 0.7604868253968253 0.047619047619047616 0.047619047619047616 
3 0.03640174603174603 0.685171746031746 0.047619047619047616 0.047619047619047616 
3 0.05532253968253968 0.7255179365079365 0.047619047619047616 0.047619047619047616 
3 0.022847460317460315 0.7983090476190475 0.047619047619047616 0.047619047619047616 
3 0.20216634920634918 0.6963020634920636 0.047619047619047616 0.047619047619047616 
3 0.19422857142857144 0.6645663492063493 0.047619047619047616 0.047619047619047616 
3 0.19619587301587302 0.741953492063492 0.047619047619047616 0.047619047619047616 
3 0.06999746031746032 0.6136788888888889 0.047619047619047616 0.047619047619047616 
3 0.09262936507936509 0.6430411111111112 0.047619047619047616 0.047619047619047616 
3 0.12054238095238094 0.6818449206349205 0.047619047619047616 0.047619047619047616 
3 0.1426269841269841 0.6573088888888889 0.047619047619047616 0.047619047619047616 
3 0.1378747619047619 0.6180533333333333 0.047619047619047616 0.047619047619047616 
3 0.1273263492063492 0.734149365079365 0.047619047619047616 0.047619047619047616 
3 0.1404231746031746 0.3393034920634921 0.047619047619047616 0.047619047619047616 
3 0.06254936507936507 0.10448317460317459 0.047619047619047616 0.047619047619047616 
3 0.2038431746031746 0.06547158730158731 0.047619047619047616 0.047619047619047616 
3 0.1612261904761905 0.10161873015873016 0.047619047619047616 0.047619047619047616 
3 0.16158492063492064 0.1572952380952381 0.047619047619047616 0.047619047619047616 
3 0.8442760317460318 0.3396211111111111 0.047619047619047616 0.047619047619047616 
3 0.7763577777777778 0.3125801587301587 0.047619047619047616 0.047619047619047616 
3 0.7388257142857143 0.1900763492063492 0.047619047619047616 0.047619047619047616 
3 0.49189253968253965 0.4668546031746032 0.047619047619047616 0.047619047619047616 
4 0.7648925396825398 0.9450374603174604 0.04126984126984127 0.04126984126984127 
4 0.14449 0.4454246031746032 0.04126984126984127 0.04126984126984127 
4 0.683444126984127 0.502888253968254 0.04126984126984127 0.04126984126984127 
4 0.38850857142857137 0.4887471428571429 0.04126984126984127 0.04126984126984127 
4 0.2809704761904762 0.33260285714285714 0.04126984126984127 0.04126984126984127 
4 0.13765428571428573 0.23862428571428573 0.04126984126984127 0.04126984126984127 
4 0.2648809523809524 0.18253968253968253 0.04126984126984127 0.04126984126984127 
4 0.31593920634920636 0.9082011111111111 0.04126984126984127 0.04126984126984127 
4 0.4149030158730159 0.5253968253968254 0.04126984126984127 0.04126984126984127 
4 0.7126984126984127 0.6873015873015873 0.04126984126984127 0.04126984126984127 
5 0.14464920634920633 0.8949844444444444 0.04285714285714286 0.04285714285714286 
5 0.8857314285714286 0.19696190476190473 0.04285714285714286 0.04285714285714286 
5 0.7564412698412698 0.5507879365079364 0.04285714285714286 0.04285714285714286 
5 0.6774723809523809 0.44671063492063495 0.04285714285714286 0.04285714285714286 
5 0.8271934920634922 0.9153195238095237 0.04285714285714286 0.04285714285714286 
5 0.959674126984127 0.37148555555555557 0.04285714285714286 0.04285714285714286 
