0 0.7625668253968254 0.5460768253968254 0.01904761904761905 0.01904761904761905 
0 0.12322111111111111 0.776772380952381 0.01904761904761905 0.01904761904761905 
2 0.34152793650793656 0.7420569841269842 0.02857142857142857 0.02857142857142857 
3 0.9102285714285714 0.8805315873015873 0.047619047619047616 0.047619047619047616 
3 0.8844114285714286 0.9191242857142857 0.047619047619047616 0.047619047619047616 
3 0.03683206349206349 0.7036350793650794 0.047619047619047616 0.047619047619047616 
3 0.01545079365079365 0.7398701587301587 0.047619047619047616 0.047619047619047616 
3 0.1031915873015873 0.5210826984126984 0.047619047619047616 0.047619047619047616 
3 0.14334682539682542 0.5384080952380952 0.047619047619047616 0.047619047619047616 
3 0.10012444444444445 0.5750169841269841 0.047619047619047616 0.047619047619047616 
3 0.2388006349206349 0.5198752380952381 0.047619047619047616 0.047619047619047616 
3 0.3879774603174603 0.7250301587301586 0.047619047619047616 0.047619047619047616 
3 0.39184825396825396 0.6510230158730158 0.047619047619047616 0.047619047619047616 
3 0.4786950793650794 0.9434304761904763 0.047619047619047616 0.047619047619047616 
3 0.5876969841269841 0.8884015873015872 0.047619047619047616 0.047619047619047616 
3 0.31702650793650794 0.2239990476190476 0.047619047619047616 0.047619047619047616 
3 0.10539190476190477 0.3676504761904762 0.047619047619047616 0.047619047619047616 
3 0.14519761904761905 0.38591349206349207 0.047619047619047616 0.047619047619047616 
3 0.14070873015873017 0.2165063492063492 0.047619047619047616 0.047619047619047616 
3 0.7460907936507937 0.3351679365079365 0.047619047619047616 0.047619047619047616 
3 0.7278858730158729 0.2919277777777778 0.047619047619047616 0.047619047619047616 
3 0.4648273015873015 0.3483430158730159 0.047619047619047616 0.047619047619047616 
3 0.4652228571428571 0.29486952380952386 0.047619047619047616 0.047619047619047616 
3 0.5228933333333333 0.9667325396825398 0.047619047619047616 0.047619047619047616 
3 0.9105406349206349 0.9577914285714285 0.047619047619047616 0.047619047619047616 
4 0.0502436507936508 0.28694031746031745 0.04126984126984127 0.04126984126984127 
4 0.957967619047619 0.5771007936507937 0.04126984126984127 0.04126984126984127 
5 0.019417777777777777 0.8932930158730158 0.04285714285714286 0.04285714285714286 
5 0.23061349206349205 0.7611976190476191 0.04285714285714286 0.04285714285714286 
5 0.7158047619047619 0.8157265079365079 0.04285714285714286 0.04285714285714286 
