0 0.08101412698412698 0.3424196825396825 0.01904761904761905 0.01904761904761905 
0 0.15777047619047618 0.2706712698412698 0.01904761904761905 0.01904761904761905 
0 0.21984396825396826 0.8059915873015874 0.01904761904761905 0.01904761904761905 
0 0.23830396825396827 0.8012426984126984 0.01904761904761905 0.01904761904761905 
0 0.364296507936508 0.7466841269841269 0.01904761904761905 0.01904761904761905 
0 0.36658634920634925 0.7285915873015874 0.01904761904761905 0.01904761904761905 
0 0.37236984126984124 0.7096519047619048 0.01904761904761905 0.01904761904761905 
0 0.18694126984126982 0.8160419047619047 0.01904761904761905 0.01904761904761905 
0 0.1870390476190476 0.8296825396825398 0.01904761904761905 0.01904761904761905 
0 0.23886396825396827 0.8222733333333333 0.01904761904761905 0.01904761904761905 
0 0.25114269841269843 0.09248873015873016 0.01904761904761905 0.01904761904761905 
0 0.5383260317460318 0.4586133333333333 0.01904761904761905 0.01904761904761905 
2 0.37295603174603176 0.07534333333333335 0.02857142857142857 0.02857142857142857 
3 0.8886107936507937 0.14137539682539682 0.047619047619047616 0.047619047619047616 
3 0.9316607936507936 0.07758460317460318 0.047619047619047616 0.047619047619047616 
3 0.88895 0.09272365079365079 0.047619047619047616 0.047619047619047616 
3 0.36688809523809524 0.17935761904761904 0.047619047619047616 0.047619047619047616 
3 0.4249898412698413 0.1378653968253968 0.047619047619047616 0.047619047619047616 
4 0.29234603174603174 0.16787174603174604 0.04126984126984127 0.04126984126984127 
4 0.37893349206349203 0.3692611111111111 0.04126984126984127 0.04126984126984127 
4 0.5146984126984127 0.07184460317460317 0.04126984126984127 0.04126984126984127 
4 0.7686507936507937 0.06547619047619048 0.04126984126984127 0.04126984126984127 
4 0.0965452380952381 0.449144126984127 0.04126984126984127 0.04126984126984127 
5 0.7697042857142856 0.1057752380952381 0.04285714285714286 0.04285714285714286 
5 0.9780487301587302 0.420862380952381 0.04285714285714286 0.04285714285714286 
5 0.4501588888888889 0.07225396825396825 0.04285714285714286 0.04285714285714286 
5 0.5603274603174603 0.12253904761904763 0.04285714285714286 0.04285714285714286 
