0 0.0426447619047619 0.7508441269841271 0.01904761904761905 0.01904761904761905 
0 0.03792793650793651 0.7703271428571428 0.01904761904761905 0.01904761904761905 
2 0.0440120634920635 0.5172666666666668 0.02857142857142857 0.02857142857142857 
3 0.9402896825396825 0.4201803174603174 0.047619047619047616 0.047619047619047616 
3 0.47222888888888886 0.8948295238095239 0.047619047619047616 0.047619047619047616 
3 0.44181190476190474 0.9098344444444444 0.047619047619047616 0.047619047619047616 
3 0.4869250793650794 0.9304436507936508 0.047619047619047616 0.047619047619047616 
3 0.9630226984126984 0.6189333333333333 0.047619047619047616 0.047619047619047616 
3 0.6711057142857143 0.6998280952380953 0.047619047619047616 0.047619047619047616 
3 0.6160315873015872 0.563884761904762 0.047619047619047616 0.047619047619047616 
3 0.7295198412698413 0.54184 0.047619047619047616 0.047619047619047616 
3 0.3399641269841269 0.6961846031746032 0.047619047619047616 0.047619047619047616 
3 0.3676904761904762 0.6970052380952381 0.047619047619047616 0.047619047619047616 
3 0.29291142857142854 0.7191992063492064 0.047619047619047616 0.047619047619047616 
3 0.47040095238095236 0.6531866666666667 0.047619047619047616 0.047619047619047616 
3 0.5127636507936508 0.6228650793650794 0.047619047619047616 0.047619047619047616 
3 0.6737484126984127 0.23194539682539686 0.047619047619047616 0.047619047619047616 
3 0.6987011111111111 0.1591620634920635 0.047619047619047616 0.047619047619047616 
3 0.618801746031746 0.25632126984126985 0.047619047619047616 0.047619047619047616 
3 0.5565911111111111 0.28457317460317455 0.047619047619047616 0.047619047619047616 
3 0.48514999999999997 0.3451979365079365 0.047619047619047616 0.047619047619047616 
3 0.4211020634920635 0.16642460317460317 0.047619047619047616 0.047619047619047616 
3 0.38653126984126984 0.14628730158730158 0.047619047619047616 0.047619047619047616 
3 0.3464190476190476 0.1944498412698413 0.047619047619047616 0.047619047619047616 
4 0.22255587301587304 0.37843333333333334 0.04126984126984127 0.04126984126984127 
4 0.11568523809523809 0.6589185714285715 0.04126984126984127 0.04126984126984127 
4 0.9814609523809523 0.15819079365079367 0.04126984126984127 0.04126984126984127 
4 0.3214814285714286 0.6481665079365079 0.04126984126984127 0.04126984126984127 
4 0.49261015873015873 0.7427693650793651 0.04126984126984127 0.04126984126984127 
4 0.29768999999999995 0.4149749206349207 0.04126984126984127 0.04126984126984127 
4 0.14448650793650794 0.5142015873015873 0.04126984126984127 0.04126984126984127 
4 0.5480719047619048 0.43131761904761906 0.04126984126984127 0.04126984126984127 
5 0.3386528571428571 0.8800146031746031 0.04285714285714286 0.04285714285714286 
5 0.44169095238095235 0.2887515873015873 0.04285714285714286 0.04285714285714286 
5 0.10779761904761904 0.43972253968253966 0.04285714285714286 0.04285714285714286 
5 0.2279422222222222 0.21723349206349207 0.04285714285714286 0.04285714285714286 
5 0.259828253968254 0.6030006349206349 0.04285714285714286 0.04285714285714286 
