0 0.8552753968253968 0.7111111111111111 0.01904761904761905 0.01904761904761905 
0 0.8535714285714285 0.7154761904761905 0.01904761904761905 0.01904761904761905 
0 0.9054233333333334 0.5222222222222223 0.01904761904761905 0.01904761904761905 
0 0.697895873015873 0.8067765079365079 0.01904761904761905 0.01904761904761905 
0 0.7334157142857144 0.3875180952380953 0.01904761904761905 0.01904761904761905 
0 0.7363644444444444 0.347982380952381 0.01904761904761905 0.01904761904761905 
0 0.7358250793650795 0.359047619047619 0.01904761904761905 0.01904761904761905 
0 0.6654761904761904 0.41457238095238097 0.01904761904761905 0.01904761904761905 
0 0.5009106349206349 0.3983231746031746 0.01904761904761905 0.01904761904761905 
0 0.521897142857143 0.3563787301587302 0.01904761904761905 0.01904761904761905 
0 0.5788395238095239 0.2828936507936508 0.01904761904761905 0.01904761904761905 
0 0.5690642857142857 0.26903095238095237 0.01904761904761905 0.01904761904761905 
0 0.5748395238095239 0.05423285714285714 0.01904761904761905 0.01904761904761905 
3 0.9225730158730159 0.1515425396825397 0.047619047619047616 0.047619047619047616 
3 0.8886107936507937 0.14137539682539682 0.047619047619047616 0.047619047619047616 
3 0.9429912698412699 0.11693444444444445 0.047619047619047616 0.047619047619047616 
4 0.45555555555555555 0.2523809523809524 0.04126984126984127 0.04126984126984127 
4 0.7181977777777777 0.20466571428571428 0.04126984126984127 0.04126984126984127 
5 0.8215385714285715 0.19154857142857143 0.04285714285714286 0.04285714285714286 
5 0.8974720634920634 0.4670996825396826 0.04285714285714286 0.04285714285714286 
