0 0.37302571428571424 0.4070958730158731 0.01904761904761905 0.01904761904761905 
0 0.697895873015873 0.8067765079365079 0.01904761904761905 0.01904761904761905 
0 0.7330984126984128 0.375334126984127 0.01904761904761905 0.01904761904761905 
0 0.7358250793650795 0.359047619047619 0.01904761904761905 0.01904761904761905 
0 0.6654761904761904 0.41457238095238097 0.01904761904761905 0.01904761904761905 
0 0.6730036507936508 0.4032050793650794 0.01904761904761905 0.01904761904761905 
0 0.5009106349206349 0.3983231746031746 0.01904761904761905 0.01904761904761905 
0 0.521897142857143 0.3563787301587302 0.01904761904761905 0.01904761904761905 
0 0.536984126984127 0.44445015873015875 0.01904761904761905 0.01904761904761905 
0 0.6874979365079364 0.12373666666666669 0.01904761904761905 0.01904761904761905 
2 0.11790285714285714 0.445726507936508 0.02857142857142857 0.02857142857142857 
3 0.9225730158730159 0.1515425396825397 0.047619047619047616 0.047619047619047616 
3 0.8886107936507937 0.14137539682539682 0.047619047619047616 0.047619047619047616 
3 0.9316607936507936 0.07758460317460318 0.047619047619047616 0.047619047619047616 
3 0.9429912698412699 0.11693444444444445 0.047619047619047616 0.047619047619047616 
4 0.29234603174603174 0.16787174603174604 0.04126984126984127 0.04126984126984127 
4 0.45555555555555555 0.2523809523809524 0.04126984126984127 0.04126984126984127 
4 0.7181977777777777 0.20466571428571428 0.04126984126984127 0.04126984126984127 
5 0.8215385714285715 0.19154857142857143 0.04285714285714286 0.04285714285714286 
5 0.8974720634920634 0.4670996825396826 0.04285714285714286 0.04285714285714286 
5 0.4501588888888889 0.07225396825396825 0.04285714285714286 0.04285714285714286 
