0 0.013192698412698415 0.9094539682539683 0.01904761904761905 0.01904761904761905 
0 0.19214333333333333 0.9027757142857142 0.01904761904761905 0.01904761904761905 
3 0.47222888888888886 0.8948295238095239 0.047619047619047616 0.047619047619047616 
3 0.6546798412698412 0.6575579365079365 0.047619047619047616 0.047619047619047616 
3 0.7295198412698413 0.54184 0.047619047619047616 0.047619047619047616 
3 0.3421530158730159 0.7301192063492064 0.047619047619047616 0.047619047619047616 
3 0.26959920634920637 0.7091353968253968 0.047619047619047616 0.047619047619047616 
3 0.555799365079365 0.5983652380952381 0.047619047619047616 0.047619047619047616 
3 0.3514990476190476 0.4057753968253969 0.047619047619047616 0.047619047619047616 
3 0.35128841269841277 0.46323761904761906 0.047619047619047616 0.047619047619047616 
3 0.24372095238095237 0.5043461904761904 0.047619047619047616 0.047619047619047616 
3 0.16046079365079366 0.5463926984126984 0.047619047619047616 0.047619047619047616 
3 0.4962993650793651 0.6440157142857142 0.047619047619047616 0.047619047619047616 
4 0.3290969841269842 0.5550782539682539 0.04126984126984127 0.04126984126984127 
4 0.11808873015873016 0.0378379365079365 0.04126984126984127 0.04126984126984127 
4 0.08333174603174603 0.7970760317460317 0.04126984126984127 0.04126984126984127 
