0 0.47566142857142857 0.7507936507936508 0.01904761904761905 0.01904761904761905 
0 0.4693966666666667 0.769098253968254 0.01904761904761905 0.01904761904761905 
0 0.2564214285714286 0.8292155555555556 0.01904761904761905 0.01904761904761905 
0 0.33093158730158734 0.8285922222222223 0.01904761904761905 0.01904761904761905 
0 0.21617904761904763 0.9052822222222222 0.01904761904761905 0.01904761904761905 
3 0.7190841269841269 0.6924868253968254 0.047619047619047616 0.047619047619047616 
3 0.2481046031746032 0.9560174603174603 0.047619047619047616 0.047619047619047616 
3 0.7045620634920635 0.7810646031746032 0.047619047619047616 0.047619047619047616 
4 0.5541996825396825 0.31180555555555556 0.04126984126984127 0.04126984126984127 
4 0.16823730158730157 0.05365238095238096 0.04126984126984127 0.04126984126984127 
4 0.5957717460317461 0.5071450793650794 0.04126984126984127 0.04126984126984127 
4 0.4443923809523809 0.8082574603174604 0.04126984126984127 0.04126984126984127 
4 0.7375546031746032 0.16253142857142858 0.04126984126984127 0.04126984126984127 
5 0.9000950793650793 0.6128584126984127 0.04285714285714286 0.04285714285714286 
5 0.8925499999999998 0.4396414285714286 0.04285714285714286 0.04285714285714286 
5 0.736222380952381 0.2928357142857143 0.04285714285714286 0.04285714285714286 
