0 0.38465603174603175 0.21807984126984126 0.01904761904761905 0.01904761904761905 
2 0.6466396825396825 0.5712971428571428 0.02857142857142857 0.02857142857142857 
2 0.708441746031746 0.2669687301587302 0.02857142857142857 0.02857142857142857 
2 0.28700507936507935 0.9495436507936508 0.02857142857142857 0.02857142857142857 
2 0.08968253968253968 0.16573777777777776 0.02857142857142857 0.02857142857142857 
2 0.5639555555555557 0.6307925396825397 0.02857142857142857 0.02857142857142857 
2 0.7970357142857143 0.6261107936507936 0.02857142857142857 0.02857142857142857 
2 0.43577539682539684 0.13854920634920634 0.02857142857142857 0.02857142857142857 
3 0.7400474603174603 0.9376599999999999 0.047619047619047616 0.047619047619047616 
3 0.7149390476190477 0.9140153968253968 0.047619047619047616 0.047619047619047616 
3 0.7082573015873015 0.9852638095238097 0.047619047619047616 0.047619047619047616 
3 0.7583014285714286 0.9772119047619048 0.047619047619047616 0.047619047619047616 
3 0.7217119047619047 0.7306661904761905 0.047619047619047616 0.047619047619047616 
3 0.9231250793650794 0.9381704761904762 0.047619047619047616 0.047619047619047616 
3 0.5648353968253969 0.3354871428571429 0.047619047619047616 0.047619047619047616 
3 0.32133190476190476 0.486306507936508 0.047619047619047616 0.047619047619047616 
3 0.3044307936507937 0.4611712698412698 0.047619047619047616 0.047619047619047616 
3 0.26178619047619045 0.4592669841269842 0.047619047619047616 0.047619047619047616 
3 0.26435126984126983 0.5050774603174604 0.047619047619047616 0.047619047619047616 
3 0.19331746031746033 0.6305792063492064 0.047619047619047616 0.047619047619047616 
3 0.19266492063492063 0.6793996825396825 0.047619047619047616 0.047619047619047616 
3 0.22925968253968257 0.7401622222222222 0.047619047619047616 0.047619047619047616 
3 0.2800492063492063 0.6917396825396825 0.047619047619047616 0.047619047619047616 
3 0.0976584126984127 0.934054126984127 0.047619047619047616 0.047619047619047616 
3 0.03788174603174603 0.825093492063492 0.047619047619047616 0.047619047619047616 
3 0.09067460317460317 0.7807704761904762 0.047619047619047616 0.047619047619047616 
3 0.08513301587301586 0.8253409523809523 0.047619047619047616 0.047619047619047616 
3 0.08880365079365078 0.7111788888888888 0.047619047619047616 0.047619047619047616 
3 0.06669904761904762 0.6727744444444445 0.047619047619047616 0.047619047619047616 
3 0.01475047619047619 0.6823209523809525 0.047619047619047616 0.047619047619047616 
3 0.2304915873015873 0.8114460317460317 0.047619047619047616 0.047619047619047616 
3 0.7172141269841269 0.7837738095238095 0.047619047619047616 0.047619047619047616 
3 0.9425622222222223 0.6900830158730159 0.047619047619047616 0.047619047619047616 
3 0.21558079365079366 0.7766898412698412 0.047619047619047616 0.047619047619047616 
4 0.721891111111111 0.43313476190476186 0.04126984126984127 0.04126984126984127 
4 0.7997703174603175 0.26296174603174605 0.04126984126984127 0.04126984126984127 
4 0.6096665079365079 0.7954528571428572 0.04126984126984127 0.04126984126984127 
4 0.6866250793650793 0.06138190476190476 0.04126984126984127 0.04126984126984127 
4 0.4892885714285714 0.43157936507936506 0.04126984126984127 0.04126984126984127 
4 0.2946361904761905 0.8292025396825397 0.04126984126984127 0.04126984126984127 
4 0.7687315873015873 0.2918668253968254 0.04126984126984127 0.04126984126984127 
4 0.5031746031746032 0.05873015873015873 0.04126984126984127 0.04126984126984127 
4 0.324132380952381 0.14659666666666665 0.04126984126984127 0.04126984126984127 
4 0.6003284126984128 0.5683087301587302 0.04126984126984127 0.04126984126984127 
4 0.06264174603174602 0.4653628571428572 0.04126984126984127 0.04126984126984127 
4 0.6228174603174603 0.919047619047619 0.04126984126984127 0.04126984126984127 
4 0.6096192063492064 0.29731587301587303 0.04126984126984127 0.04126984126984127 
4 0.8197592063492064 0.3375752380952381 0.04126984126984127 0.04126984126984127 
5 0.8695907936507935 0.8985485714285715 0.04285714285714286 0.04285714285714286 
5 0.6223955555555555 0.6601111111111111 0.04285714285714286 0.04285714285714286 
5 0.43183904761904757 0.7684074603174602 0.04285714285714286 0.04285714285714286 
5 0.1263893650793651 0.19570190476190477 0.04285714285714286 0.04285714285714286 
5 0.0713947619047619 0.5315792063492064 0.04285714285714286 0.04285714285714286 
5 0.43381841269841276 0.061577460317460316 0.04285714285714286 0.04285714285714286 
5 0.4420834920634921 0.3747914285714286 0.04285714285714286 0.04285714285714286 
5 0.30239079365079363 0.34482238095238094 0.04285714285714286 0.04285714285714286 
