0 0.12127825396825397 0.4776214285714286 0.01904761904761905 0.01904761904761905 
0 0.12787349206349205 0.4704098412698413 0.01904761904761905 0.01904761904761905 
0 0.8940346031746031 0.7670557142857143 0.01904761904761905 0.01904761904761905 
0 0.9184592063492063 0.8121544444444445 0.01904761904761905 0.01904761904761905 
0 0.7564403174603174 0.09863507936507936 0.01904761904761905 0.01904761904761905 
0 0.7593866666666668 0.08815714285714286 0.01904761904761905 0.01904761904761905 
2 0.43861126984126986 0.4823742857142857 0.02857142857142857 0.02857142857142857 
2 0.9040765079365078 0.13203460317460317 0.02857142857142857 0.02857142857142857 
2 0.7799855555555555 0.3488473015873016 0.02857142857142857 0.02857142857142857 
2 0.39863952380952383 0.0761904761904762 0.02857142857142857 0.02857142857142857 
2 0.7063492063492064 0.21534396825396823 0.02857142857142857 0.02857142857142857 
3 0.7400474603174603 0.9376599999999999 0.047619047619047616 0.047619047619047616 
3 0.7406674603174603 0.8278592063492063 0.047619047619047616 0.047619047619047616 
3 0.7046030158730159 0.7833968253968253 0.047619047619047616 0.047619047619047616 
3 0.833676507936508 0.6818369841269842 0.047619047619047616 0.047619047619047616 
3 0.9030874603174603 0.6858892063492062 0.047619047619047616 0.047619047619047616 
3 0.7603353968253969 0.6607601587301587 0.047619047619047616 0.047619047619047616 
3 0.7437107936507936 0.7531347619047619 0.047619047619047616 0.047619047619047616 
3 0.21466380952380953 0.6914479365079366 0.047619047619047616 0.047619047619047616 
3 0.26631777777777776 0.7433198412698413 0.047619047619047616 0.047619047619047616 
3 0.7968592063492064 0.6737892063492064 0.047619047619047616 0.047619047619047616 
3 0.7247431746031746 0.6901738095238096 0.047619047619047616 0.047619047619047616 
3 0.8844744444444446 0.6548436507936508 0.047619047619047616 0.047619047619047616 
3 0.9235519047619049 0.7112493650793651 0.047619047619047616 0.047619047619047616 
3 0.8596904761904762 0.7141480952380952 0.047619047619047616 0.047619047619047616 
3 0.941509365079365 0.6521985714285714 0.047619047619047616 0.047619047619047616 
3 0.31104603174603174 0.7288657142857143 0.047619047619047616 0.047619047619047616 
3 0.21558079365079366 0.7766898412698412 0.047619047619047616 0.047619047619047616 
3 0.20594015873015872 0.6407795238095239 0.047619047619047616 0.047619047619047616 
3 0.25933047619047617 0.6947325396825397 0.047619047619047616 0.047619047619047616 
3 0.09786650793650793 0.9338733333333333 0.047619047619047616 0.047619047619047616 
3 0.0815636507936508 0.895215873015873 0.047619047619047616 0.047619047619047616 
3 0.6891323809523809 0.7267555555555556 0.047619047619047616 0.047619047619047616 
4 0.6448450793650793 0.8787555555555555 0.04126984126984127 0.04126984126984127 
4 0.702591111111111 0.9075817460317461 0.04126984126984127 0.04126984126984127 
4 0.06055666666666667 0.05365888888888888 0.04126984126984127 0.04126984126984127 
4 0.6642765079365079 0.10577920634920636 0.04126984126984127 0.04126984126984127 
4 0.21254555555555557 0.4871157142857143 0.04126984126984127 0.04126984126984127 
4 0.3841598412698412 0.023593174603174602 0.04126984126984127 0.04126984126984127 
4 0.2155661904761905 0.12668888888888888 0.04126984126984127 0.04126984126984127 
4 0.8497558730158731 0.8489926984126984 0.04126984126984127 0.04126984126984127 
4 0.5511463492063493 0.05167555555555555 0.04126984126984127 0.04126984126984127 
4 0.41915142857142856 0.33980301587301587 0.04126984126984127 0.04126984126984127 
4 0.3142222222222222 0.3257777777777778 0.04126984126984127 0.04126984126984127 
4 0.245085873015873 0.5528912698412699 0.04126984126984127 0.04126984126984127 
4 0.936673015873016 0.0952931746031746 0.04126984126984127 0.04126984126984127 
4 0.7784931746031746 0.3490679365079365 0.04126984126984127 0.04126984126984127 
4 0.5291988888888889 0.4892211111111111 0.04126984126984127 0.04126984126984127 
5 0.8195138095238095 0.992153492063492 0.04285714285714286 0.04285714285714286 
5 0.6183007936507936 0.7530057142857143 0.04285714285714286 0.04285714285714286 
5 0.15619492063492063 0.13991333333333333 0.04285714285714286 0.04285714285714286 
5 0.1924977777777778 0.06292920634920635 0.04285714285714286 0.04285714285714286 
5 0.19597412698412697 0.22487142857142858 0.04285714285714286 0.04285714285714286 
5 0.11321317460317462 0.5239293650793652 0.04285714285714286 0.04285714285714286 
5 0.0713947619047619 0.5315792063492064 0.04285714285714286 0.04285714285714286 
5 0.1016373015873016 0.3526001587301587 0.04285714285714286 0.04285714285714286 
5 0.43381841269841276 0.061577460317460316 0.04285714285714286 0.04285714285714286 
5 0.4588903174603175 0.27263126984126984 0.04285714285714286 0.04285714285714286 
5 0.7433496825396825 0.2455552380952381 0.04285714285714286 0.04285714285714286 
5 0.6340644444444444 0.4440528571428571 0.04285714285714286 0.04285714285714286 
5 0.6079247619047619 0.33803539682539685 0.04285714285714286 0.04285714285714286 
