0 0.6143401587301587 0.7861450793650793 0.01904761904761905 0.01904761904761905 
0 0.29884714285714287 0.1965588888888889 0.01904761904761905 0.01904761904761905 
0 0.5148906349206349 0.03014904761904762 0.01904761904761905 0.01904761904761905 
0 0.6881428571428572 0.5583122222222223 0.01904761904761905 0.01904761904761905 
0 0.49576730158730153 0.5011128571428571 0.01904761904761905 0.01904761904761905 
0 0.507552380952381 0.8771007936507936 0.01904761904761905 0.01904761904761905 
0 0.303615873015873 0.6112665079365079 0.01904761904761905 0.01904761904761905 
2 0.20699190476190477 0.47054619047619045 0.02857142857142857 0.02857142857142857 
3 0.9231250793650794 0.9381704761904762 0.047619047619047616 0.047619047619047616 
3 0.5648353968253969 0.3354871428571429 0.047619047619047616 0.047619047619047616 
3 0.3044307936507937 0.4611712698412698 0.047619047619047616 0.047619047619047616 
3 0.31342444444444445 0.7373584126984127 0.047619047619047616 0.047619047619047616 
3 0.03788174603174603 0.825093492063492 0.047619047619047616 0.047619047619047616 
3 0.08880365079365078 0.7111788888888888 0.047619047619047616 0.047619047619047616 
3 0.06669904761904762 0.6727744444444445 0.047619047619047616 0.047619047619047616 
4 0.2946361904761905 0.8292025396825397 0.04126984126984127 0.04126984126984127 
4 0.19241285714285714 0.3319325396825397 0.04126984126984127 0.04126984126984127 
4 0.4970538095238095 0.2589468253968254 0.04126984126984127 0.04126984126984127 
4 0.324132380952381 0.14659666666666665 0.04126984126984127 0.04126984126984127 
4 0.06264174603174602 0.4653628571428572 0.04126984126984127 0.04126984126984127 
