0 0.1639420634920635 0.7153042857142857 0.01904761904761905 0.01904761904761905 
0 0.1746722222222222 0.7062299999999999 0.01904761904761905 0.01904761904761905 
2 0.23868428571428574 0.8782055555555556 0.02857142857142857 0.02857142857142857 
2 0.24481507936507935 0.6511547619047618 0.02857142857142857 0.02857142857142857 
2 0.0683231746031746 0.9146479365079365 0.02857142857142857 0.02857142857142857 
2 0.12820920634920635 0.7297603174603174 0.02857142857142857 0.02857142857142857 
2 0.8555925396825398 0.8911036507936508 0.02857142857142857 0.02857142857142857 
3 0.5269079365079365 0.8692539682539683 0.047619047619047616 0.047619047619047616 
3 0.49302841269841274 0.8847950793650793 0.047619047619047616 0.047619047619047616 
3 0.5900285714285713 0.8658928571428572 0.047619047619047616 0.047619047619047616 
3 0.559542380952381 0.8911782539682539 0.047619047619047616 0.047619047619047616 
3 0.5611623809523809 0.7949228571428572 0.047619047619047616 0.047619047619047616 
3 0.4576490476190476 0.8543676190476189 0.047619047619047616 0.047619047619047616 
3 0.3359263492063492 0.8237509523809524 0.047619047619047616 0.047619047619047616 
3 0.3983007936507937 0.8524512698412698 0.047619047619047616 0.047619047619047616 
3 0.5042026984126984 0.8015219047619048 0.047619047619047616 0.047619047619047616 
3 0.7833273015873017 0.9636922222222223 0.047619047619047616 0.047619047619047616 
3 0.7936231746031746 0.9312687301587301 0.047619047619047616 0.047619047619047616 
3 0.7821038095238095 0.888227619047619 0.047619047619047616 0.047619047619047616 
3 0.891420634920635 0.779275873015873 0.047619047619047616 0.047619047619047616 
3 0.8470320634920634 0.7878604761904762 0.047619047619047616 0.047619047619047616 
3 0.7804095238095239 0.8041198412698413 0.047619047619047616 0.047619047619047616 
3 0.04308571428571428 0.6679274603174603 0.047619047619047616 0.047619047619047616 
3 0.10205428571428572 0.6157890476190476 0.047619047619047616 0.047619047619047616 
3 0.08873634920634921 0.5814671428571428 0.047619047619047616 0.047619047619047616 
3 0.04506555555555556 0.6062801587301587 0.047619047619047616 0.047619047619047616 
3 0.04074380952380952 0.83281 0.047619047619047616 0.047619047619047616 
3 0.3179495238095238 0.5284084126984127 0.047619047619047616 0.047619047619047616 
3 0.16013968253968255 0.4320171428571428 0.047619047619047616 0.047619047619047616 
3 0.28037349206349205 0.4069271428571429 0.047619047619047616 0.047619047619047616 
3 0.2719926984126984 0.4556947619047619 0.047619047619047616 0.047619047619047616 
3 0.45826523809523806 0.46349603174603177 0.047619047619047616 0.047619047619047616 
3 0.8386363492063491 0.19833285714285714 0.047619047619047616 0.047619047619047616 
3 0.9371177777777777 0.24851269841269844 0.047619047619047616 0.047619047619047616 
3 0.7241252380952381 0.26052698412698416 0.047619047619047616 0.047619047619047616 
3 0.6613053968253969 0.215241746031746 0.047619047619047616 0.047619047619047616 
3 0.683572380952381 0.3253453968253968 0.047619047619047616 0.047619047619047616 
3 0.5973098412698413 0.8251868253968254 0.047619047619047616 0.047619047619047616 
4 0.2219185714285714 0.5993507936507937 0.04126984126984127 0.04126984126984127 
4 0.6058946031746032 0.22055507936507937 0.04126984126984127 0.04126984126984127 
4 0.19523619047619048 0.3201942857142857 0.04126984126984127 0.04126984126984127 
4 0.34434111111111115 0.05224952380952381 0.04126984126984127 0.04126984126984127 
4 0.6900496825396826 0.6574746031746032 0.04126984126984127 0.04126984126984127 
4 0.5948661904761905 0.7261007936507937 0.04126984126984127 0.04126984126984127 
4 0.8161663492063492 0.4067287301587302 0.04126984126984127 0.04126984126984127 
4 0.7088423809523811 0.4234107936507936 0.04126984126984127 0.04126984126984127 
4 0.5369047619047619 0.4452380952380952 0.04126984126984127 0.04126984126984127 
4 0.517672380952381 0.38773142857142856 0.04126984126984127 0.04126984126984127 
4 0.3741879365079365 0.567107619047619 0.04126984126984127 0.04126984126984127 
4 0.3024325396825397 0.5917538095238095 0.04126984126984127 0.04126984126984127 
4 0.06825396825396825 0.42698412698412697 0.04126984126984127 0.04126984126984127 
4 0.2546736507936508 0.11032999999999998 0.04126984126984127 0.04126984126984127 
4 0.4996980952380952 0.5134417460317461 0.04126984126984127 0.04126984126984127 
4 0.24472666666666665 0.648036507936508 0.04126984126984127 0.04126984126984127 
4 0.20112269841269842 0.7712349206349206 0.04126984126984127 0.04126984126984127 
5 0.31905650793650797 0.7543838095238096 0.04285714285714286 0.04285714285714286 
5 0.3562012698412699 0.6841369841269841 0.04285714285714286 0.04285714285714286 
