0 0.07505603174603175 0.8940663492063492 0.01904761904761905 0.01904761904761905 
2 0.8934803174603175 0.7785012698412699 0.02857142857142857 0.02857142857142857 
2 0.8212311111111112 0.8134571428571428 0.02857142857142857 0.02857142857142857 
2 0.47015873015873016 0.1716931746031746 0.02857142857142857 0.02857142857142857 
2 0.3475888888888889 0.14794412698412698 0.02857142857142857 0.02857142857142857 
2 0.07701920634920635 0.3512371428571428 0.02857142857142857 0.02857142857142857 
2 0.9569096825396826 0.28806984126984125 0.02857142857142857 0.02857142857142857 
2 0.8162723809523809 0.17788 0.02857142857142857 0.02857142857142857 
2 0.46150793650793653 0.526984126984127 0.02857142857142857 0.02857142857142857 
3 0.8380103174603175 0.724518253968254 0.047619047619047616 0.047619047619047616 
3 0.1830026984126984 0.07662603174603175 0.047619047619047616 0.047619047619047616 
3 0.11501984126984127 0.14391841269841268 0.047619047619047616 0.047619047619047616 
3 0.04917492063492064 0.22378079365079365 0.047619047619047616 0.047619047619047616 
3 0.29734555555555553 0.5624152380952381 0.047619047619047616 0.047619047619047616 
3 0.1337752380952381 0.3632506349206349 0.047619047619047616 0.047619047619047616 
4 0.23881587301587304 0.5812730158730158 0.04126984126984127 0.04126984126984127 
4 0.34391396825396825 0.3174871428571429 0.04126984126984127 0.04126984126984127 
4 0.10421047619047617 0.31570650793650795 0.04126984126984127 0.04126984126984127 
4 0.489206507936508 0.35561333333333334 0.04126984126984127 0.04126984126984127 
4 0.39759396825396826 0.724604761904762 0.04126984126984127 0.04126984126984127 
4 0.7379403174603175 0.7561749206349206 0.04126984126984127 0.04126984126984127 
4 0.26175777777777776 0.601058253968254 0.04126984126984127 0.04126984126984127 
4 0.4160269841269841 0.238884126984127 0.04126984126984127 0.04126984126984127 
4 0.40904285714285715 0.12295968253968252 0.04126984126984127 0.04126984126984127 
5 0.43910936507936515 0.029451111111111112 0.04285714285714286 0.04285714285714286 
5 0.5863449206349206 0.4655528571428572 0.04285714285714286 0.04285714285714286 
5 0.08835936507936508 0.5027161904761905 0.04285714285714286 0.04285714285714286 
5 0.12766190476190475 0.9233547619047621 0.04285714285714286 0.04285714285714286 
