0 0.8910414285714285 0.10678253968253967 0.01904761904761905 0.01904761904761905 
0 0.20382714285714287 0.27816047619047624 0.01904761904761905 0.01904761904761905 
0 0.1957320634920635 0.3259457142857143 0.01904761904761905 0.01904761904761905 
0 0.18954079365079363 0.30337857142857144 0.01904761904761905 0.01904761904761905 
2 0.687395873015873 0.03614396825396825 0.02857142857142857 0.02857142857142857 
2 0.3406009523809524 0.23014746031746036 0.02857142857142857 0.02857142857142857 
3 0.06833619047619048 0.017563015873015873 0.047619047619047616 0.047619047619047616 
3 0.11151698412698413 0.018327460317460315 0.047619047619047616 0.047619047619047616 
3 0.1675136507936508 0.07267301587301588 0.047619047619047616 0.047619047619047616 
3 0.22613111111111112 0.08539444444444445 0.047619047619047616 0.047619047619047616 
3 0.13528126984126987 0.10647222222222222 0.047619047619047616 0.047619047619047616 
3 0.18028571428571427 0.1905046031746032 0.047619047619047616 0.047619047619047616 
3 0.13222507936507938 0.1923674603174603 0.047619047619047616 0.047619047619047616 
3 0.08275904761904762 0.1573915873015873 0.047619047619047616 0.047619047619047616 
3 0.15426968253968254 0.1467709523809524 0.047619047619047616 0.047619047619047616 
3 0.1795511111111111 0.027288730158730158 0.047619047619047616 0.047619047619047616 
4 0.10135174603174603 0.2380766666666667 0.04126984126984127 0.04126984126984127 
4 0.43352158730158735 0.16883492063492064 0.04126984126984127 0.04126984126984127 
4 0.23868126984126986 0.26953190476190475 0.04126984126984127 0.04126984126984127 
4 0.07189380952380951 0.2962369841269841 0.04126984126984127 0.04126984126984127 
