0 0.14133555555555555 0.8913903174603175 0.01904761904761905 0.01904761904761905 
0 0.2038311111111111 0.27203126984126985 0.01904761904761905 0.01904761904761905 
0 0.8798668253968254 0.45707904761904755 0.01904761904761905 0.01904761904761905 
0 0.8706693650793651 0.440415873015873 0.01904761904761905 0.01904761904761905 
0 0.5602557142857143 0.4634488888888889 0.01904761904761905 0.01904761904761905 
0 0.5457485714285714 0.47782380952380954 0.01904761904761905 0.01904761904761905 
0 0.47427174603174604 0.2745704761904762 0.01904761904761905 0.01904761904761905 
0 0.1034920634920635 0.7260657142857143 0.01904761904761905 0.01904761904761905 
0 0.18876777777777778 0.7749949206349206 0.01904761904761905 0.01904761904761905 
2 0.9318911111111111 0.40571349206349205 0.02857142857142857 0.02857142857142857 
2 0.9569096825396826 0.28806984126984125 0.02857142857142857 0.02857142857142857 
3 0.8380103174603175 0.724518253968254 0.047619047619047616 0.047619047619047616 
3 0.0653215873015873 0.05010063492063492 0.047619047619047616 0.047619047619047616 
3 0.1830026984126984 0.07662603174603175 0.047619047619047616 0.047619047619047616 
3 0.18028571428571427 0.1905046031746032 0.047619047619047616 0.047619047619047616 
3 0.13222507936507938 0.1923674603174603 0.047619047619047616 0.047619047619047616 
3 0.11501984126984127 0.14391841269841268 0.047619047619047616 0.047619047619047616 
3 0.1337752380952381 0.3632506349206349 0.047619047619047616 0.047619047619047616 
4 0.3236206349206349 0.0339747619047619 0.04126984126984127 0.04126984126984127 
4 0.6282112698412698 0.3625584126984127 0.04126984126984127 0.04126984126984127 
4 0.07189380952380951 0.2962369841269841 0.04126984126984127 0.04126984126984127 
4 0.4160269841269841 0.238884126984127 0.04126984126984127 0.04126984126984127 
5 0.43910936507936515 0.029451111111111112 0.04285714285714286 0.04285714285714286 
