3 0.49302841269841274 0.8847950793650793 0.047619047619047616 0.047619047619047616 
3 0.4576490476190476 0.8543676190476189 0.047619047619047616 0.047619047619047616 
3 0.36966809523809524 0.8143152380952381 0.047619047619047616 0.047619047619047616 
3 0.30920333333333333 0.8558268253968253 0.047619047619047616 0.047619047619047616 
3 0.34235 0.8904398412698412 0.047619047619047616 0.047619047619047616 
3 0.3983007936507937 0.8524512698412698 0.047619047619047616 0.047619047619047616 
3 0.4315890476190476 0.8090063492063492 0.047619047619047616 0.047619047619047616 
3 0.5042026984126984 0.8015219047619048 0.047619047619047616 0.047619047619047616 
3 0.7936231746031746 0.9312687301587301 0.047619047619047616 0.047619047619047616 
3 0.7821038095238095 0.888227619047619 0.047619047619047616 0.047619047619047616 
3 0.7804095238095239 0.8041198412698413 0.047619047619047616 0.047619047619047616 
3 0.04308571428571428 0.6679274603174603 0.047619047619047616 0.047619047619047616 
3 0.10205428571428572 0.6157890476190476 0.047619047619047616 0.047619047619047616 
3 0.08873634920634921 0.5814671428571428 0.047619047619047616 0.047619047619047616 
3 0.12823 0.6631380952380953 0.047619047619047616 0.047619047619047616 
3 0.04506555555555556 0.6062801587301587 0.047619047619047616 0.047619047619047616 
3 0.07785809523809523 0.8373207936507937 0.047619047619047616 0.047619047619047616 
3 0.14011428571428572 0.8152739682539681 0.047619047619047616 0.047619047619047616 
3 0.17753460317460318 0.574538253968254 0.047619047619047616 0.047619047619047616 
3 0.28037349206349205 0.4069271428571429 0.047619047619047616 0.047619047619047616 
3 0.45826523809523806 0.46349603174603177 0.047619047619047616 0.047619047619047616 
3 0.04097460317460318 0.8590698412698413 0.047619047619047616 0.047619047619047616 
3 0.5973098412698413 0.8251868253968254 0.047619047619047616 0.047619047619047616 
4 0.19523619047619048 0.3201942857142857 0.04126984126984127 0.04126984126984127 
4 0.34434111111111115 0.05224952380952381 0.04126984126984127 0.04126984126984127 
4 0.7761904761904762 0.7253968253968254 0.04126984126984127 0.04126984126984127 
4 0.23787079365079364 0.6699588888888889 0.04126984126984127 0.04126984126984127 
