0 0.09785873015873016 0.45721761904761904 0.01904761904761905 0.01904761904761905 
3 0.9102285714285714 0.8805315873015873 0.047619047619047616 0.047619047619047616 
3 0.8844114285714286 0.9191242857142857 0.047619047619047616 0.047619047619047616 
3 0.10012444444444445 0.5750169841269841 0.047619047619047616 0.047619047619047616 
3 0.2388006349206349 0.5198752380952381 0.047619047619047616 0.047619047619047616 
3 0.4786950793650794 0.9434304761904763 0.047619047619047616 0.047619047619047616 
3 0.5876969841269841 0.8884015873015872 0.047619047619047616 0.047619047619047616 
3 0.10539190476190477 0.3676504761904762 0.047619047619047616 0.047619047619047616 
3 0.14519761904761905 0.38591349206349207 0.047619047619047616 0.047619047619047616 
3 0.5228933333333333 0.9667325396825398 0.047619047619047616 0.047619047619047616 
3 0.9105406349206349 0.9577914285714285 0.047619047619047616 0.047619047619047616 
