0 0.431904126984127 0.1548536507936508 0.01904761904761905 0.01904761904761905 
0 0.06495619047619047 0.8549177777777778 0.01904761904761905 0.01904761904761905 
0 0.7690061904761905 0.6979979365079365 0.01904761904761905 0.01904761904761905 
2 0.23526190476190476 0.31378730158730156 0.02857142857142857 0.02857142857142857 
2 0.9419617460317461 0.6411069841269841 0.02857142857142857 0.02857142857142857 
2 0.8833387301587301 0.49507825396825395 0.02857142857142857 0.02857142857142857 
2 0.29906301587301587 0.3288469841269841 0.02857142857142857 0.02857142857142857 
2 0.9024692063492062 0.7080326984126983 0.02857142857142857 0.02857142857142857 
2 0.7770644444444444 0.3292344444444445 0.02857142857142857 0.02857142857142857 
3 0.9534634920634921 0.8458501587301587 0.047619047619047616 0.047619047619047616 
3 0.9456773015873016 0.8843909523809523 0.047619047619047616 0.047619047619047616 
3 0.8918787301587302 0.978057142857143 0.047619047619047616 0.047619047619047616 
3 0.09344825396825397 0.2725526984126984 0.047619047619047616 0.047619047619047616 
3 0.1838698412698413 0.383784126984127 0.047619047619047616 0.047619047619047616 
3 0.6261065079365079 0.13935936507936508 0.047619047619047616 0.047619047619047616 
3 0.8064471428571429 0.12117079365079364 0.047619047619047616 0.047619047619047616 
3 0.7792850793650794 0.05441301587301588 0.047619047619047616 0.047619047619047616 
3 0.5180361904761904 0.5249925396825397 0.047619047619047616 0.047619047619047616 
3 0.5086944444444444 0.4807598412698412 0.047619047619047616 0.047619047619047616 
3 0.4695039682539683 0.5104266666666667 0.047619047619047616 0.047619047619047616 
3 0.47441523809523806 0.45071634920634923 0.047619047619047616 0.047619047619047616 
3 0.596812380952381 0.5926633333333333 0.047619047619047616 0.047619047619047616 
4 0.17202317460317462 0.688399365079365 0.04126984126984127 0.04126984126984127 
4 0.11414444444444445 0.3680020634920635 0.04126984126984127 0.04126984126984127 
4 0.04300285714285714 0.7777828571428571 0.04126984126984127 0.04126984126984127 
4 0.8526744444444444 0.14251031746031748 0.04126984126984127 0.04126984126984127 
4 0.8793296825396826 0.26621873015873015 0.04126984126984127 0.04126984126984127 
4 0.3209077777777778 0.12662 0.04126984126984127 0.04126984126984127 
4 0.37586349206349207 0.1553084126984127 0.04126984126984127 0.04126984126984127 
4 0.11341984126984127 0.4966811111111111 0.04126984126984127 0.04126984126984127 
4 0.23120190476190475 0.6916192063492064 0.04126984126984127 0.04126984126984127 
4 0.7040620634920636 0.8574103174603175 0.04126984126984127 0.04126984126984127 
4 0.6849425396825397 0.6673901587301587 0.04126984126984127 0.04126984126984127 
4 0.7040314285714286 0.98166873015873 0.04126984126984127 0.04126984126984127 
4 0.6659952380952382 0.47484380952380956 0.04126984126984127 0.04126984126984127 
4 0.9079365079365079 0.250674126984127 0.04126984126984127 0.04126984126984127 
4 0.48412698412698413 0.373015873015873 0.04126984126984127 0.04126984126984127 
4 0.3209344444444444 0.28560650793650794 0.04126984126984127 0.04126984126984127 
4 0.1211811111111111 0.07454349206349206 0.04126984126984127 0.04126984126984127 
4 0.21743380952380956 0.940326507936508 0.04126984126984127 0.04126984126984127 
4 0.5755463492063492 0.6425152380952381 0.04126984126984127 0.04126984126984127 
4 0.41570587301587303 0.05869428571428572 0.04126984126984127 0.04126984126984127 
5 0.037447301587301585 0.47105079365079366 0.04285714285714286 0.04285714285714286 
5 0.0820574603174603 0.6382833333333333 0.04285714285714286 0.04285714285714286 
5 0.4495633333333333 0.11917888888888889 0.04285714285714286 0.04285714285714286 
5 0.4107322222222222 0.21597761904761906 0.04285714285714286 0.04285714285714286 
5 0.8135023809523809 0.9018861904761906 0.04285714285714286 0.04285714285714286 
