0 0.3169620634920635 0.5129011111111111 0.01904761904761905 0.01904761904761905 
0 0.7280293650793651 0.07564841269841269 0.01904761904761905 0.01904761904761905 
0 0.7188353968253968 0.08753793650793651 0.01904761904761905 0.01904761904761905 
0 0.8333506349206349 0.49728888888888895 0.01904761904761905 0.01904761904761905 
0 0.9002215873015873 0.4371085714285714 0.01904761904761905 0.01904761904761905 
0 0.544832380952381 0.19181428571428571 0.01904761904761905 0.01904761904761905 
0 0.4879601587301587 0.29515968253968256 0.01904761904761905 0.01904761904761905 
2 0.7356480952380952 0.7087963492063493 0.02857142857142857 0.02857142857142857 
3 0.8580636507936508 0.3212196825396825 0.047619047619047616 0.047619047619047616 
3 0.8482452380952381 0.38407095238095235 0.047619047619047616 0.047619047619047616 
3 0.8226598412698412 0.33507968253968257 0.047619047619047616 0.047619047619047616 
3 0.9051360317460316 0.36235111111111107 0.047619047619047616 0.047619047619047616 
3 0.6878503174603176 0.7153131746031746 0.047619047619047616 0.047619047619047616 
4 0.9627342857142858 0.12420809523809523 0.04126984126984127 0.04126984126984127 
4 0.5466752380952381 0.22936126984126984 0.04126984126984127 0.04126984126984127 
4 0.6868422222222222 0.3628987301587302 0.04126984126984127 0.04126984126984127 
4 0.39858301587301587 0.3013820634920635 0.04126984126984127 0.04126984126984127 
5 0.037868095238095235 0.5516385714285714 0.04285714285714286 0.04285714285714286 
5 0.8073574603174604 0.9773909523809524 0.04285714285714286 0.04285714285714286 
5 0.9249379365079365 0.7932287301587302 0.04285714285714286 0.04285714285714286 
5 0.44905619047619044 0.6627696825396825 0.04285714285714286 0.04285714285714286 
5 0.5244293650793651 0.9044166666666668 0.04285714285714286 0.04285714285714286 
