0 0.05281063492063492 0.5368696825396825 0.01904761904761905 0.01904761904761905 
0 0.2490804761904762 0.38008761904761906 0.01904761904761905 0.01904761904761905 
0 0.5853912698412699 0.2780133333333333 0.01904761904761905 0.01904761904761905 
0 0.5848746031746032 0.2625411111111111 0.01904761904761905 0.01904761904761905 
3 0.16343730158730158 0.8126487301587302 0.047619047619047616 0.047619047619047616 
3 0.33430000000000004 0.7692542857142857 0.047619047619047616 0.047619047619047616 
3 0.45131015873015873 0.8132526984126984 0.047619047619047616 0.047619047619047616 
3 0.5835209523809524 0.6441801587301588 0.047619047619047616 0.047619047619047616 
3 0.6834523809523809 0.7141801587301587 0.047619047619047616 0.047619047619047616 
3 0.6743784126984126 0.6705377777777778 0.047619047619047616 0.047619047619047616 
4 0.12072492063492064 0.6599038095238096 0.04126984126984127 0.04126984126984127 
4 0.03633285714285714 0.464024126984127 0.04126984126984127 0.04126984126984127 
4 0.08332031746031746 0.4307755555555555 0.04126984126984127 0.04126984126984127 
4 0.524135873015873 0.13246920634920636 0.04126984126984127 0.04126984126984127 
4 0.2946309523809524 0.7215109523809524 0.04126984126984127 0.04126984126984127 
4 0.7491933333333333 0.29414968253968254 0.04126984126984127 0.04126984126984127 
4 0.2449331746031746 0.5793298412698413 0.04126984126984127 0.04126984126984127 
5 0.5629622222222223 0.15816952380952382 0.04285714285714286 0.04285714285714286 
5 0.4142660317460318 0.7253771428571429 0.04285714285714286 0.04285714285714286 
5 0.35131539682539675 0.6563519047619047 0.04285714285714286 0.04285714285714286 
