0 0.09785873015873016 0.45721761904761904 0.01904761904761905 0.01904761904761905 
3 0.9102285714285714 0.8805315873015873 0.047619047619047616 0.047619047619047616 
3 0.8844114285714286 0.9191242857142857 0.047619047619047616 0.047619047619047616 
3 0.03683206349206349 0.7036350793650794 0.047619047619047616 0.047619047619047616 
3 0.01545079365079365 0.7398701587301587 0.047619047619047616 0.047619047619047616 
3 0.1031915873015873 0.5210826984126984 0.047619047619047616 0.047619047619047616 
3 0.10012444444444445 0.5750169841269841 0.047619047619047616 0.047619047619047616 
3 0.2388006349206349 0.5198752380952381 0.047619047619047616 0.047619047619047616 
3 0.3879774603174603 0.7250301587301586 0.047619047619047616 0.047619047619047616 
3 0.4786950793650794 0.9434304761904763 0.047619047619047616 0.047619047619047616 
3 0.5876969841269841 0.8884015873015872 0.047619047619047616 0.047619047619047616 
3 0.31702650793650794 0.2239990476190476 0.047619047619047616 0.047619047619047616 
3 0.10539190476190477 0.3676504761904762 0.047619047619047616 0.047619047619047616 
3 0.14519761904761905 0.38591349206349207 0.047619047619047616 0.047619047619047616 
3 0.14070873015873017 0.2165063492063492 0.047619047619047616 0.047619047619047616 
3 0.5228933333333333 0.9667325396825398 0.047619047619047616 0.047619047619047616 
3 0.9105406349206349 0.9577914285714285 0.047619047619047616 0.047619047619047616 
4 0.957967619047619 0.5771007936507937 0.04126984126984127 0.04126984126984127 
5 0.7158047619047619 0.8157265079365079 0.04285714285714286 0.04285714285714286 
