0 0.4294869841269841 0.2999404761904762 0.01904761904761905 0.01904761904761905 
3 0.12280063492063492 0.7897879365079364 0.047619047619047616 0.047619047619047616 
3 0.16343730158730158 0.8126487301587302 0.047619047619047616 0.047619047619047616 
3 0.33430000000000004 0.7692542857142857 0.047619047619047616 0.047619047619047616 
3 0.45131015873015873 0.8132526984126984 0.047619047619047616 0.047619047619047616 
3 0.12422666666666667 0.8553628571428572 0.047619047619047616 0.047619047619047616 
3 0.09294095238095239 0.8206236507936507 0.047619047619047616 0.047619047619047616 
4 0.03633285714285714 0.464024126984127 0.04126984126984127 0.04126984126984127 
4 0.08332031746031746 0.4307755555555555 0.04126984126984127 0.04126984126984127 
4 0.524135873015873 0.13246920634920636 0.04126984126984127 0.04126984126984127 
4 0.0930536507936508 0.5082312698412699 0.04126984126984127 0.04126984126984127 
4 0.2449331746031746 0.5793298412698413 0.04126984126984127 0.04126984126984127 
4 0.1539968253968254 0.5513585714285715 0.04126984126984127 0.04126984126984127 
5 0.35131539682539675 0.6563519047619047 0.04285714285714286 0.04285714285714286 
