0 0.11964777777777776 0.41797126984126987 0.01904761904761905 0.01904761904761905 
0 0.19598285714285715 0.4753573015873016 0.01904761904761905 0.01904761904761905 
0 0.49362492063492064 0.28583841269841265 0.01904761904761905 0.01904761904761905 
0 0.9017120634920636 0.438028253968254 0.01904761904761905 0.01904761904761905 
2 0.8010212698412699 0.2518066666666667 0.02857142857142857 0.02857142857142857 
2 0.6381160317460317 0.5737506349206349 0.02857142857142857 0.02857142857142857 
3 0.9043534920634921 0.3096130158730159 0.047619047619047616 0.047619047619047616 
3 0.8623153968253969 0.31401523809523807 0.047619047619047616 0.047619047619047616 
3 0.8482452380952381 0.38407095238095235 0.047619047619047616 0.047619047619047616 
3 0.8226598412698412 0.33507968253968257 0.047619047619047616 0.047619047619047616 
3 0.9051360317460316 0.36235111111111107 0.047619047619047616 0.047619047619047616 
3 0.8184493650793652 0.3573020634920635 0.047619047619047616 0.047619047619047616 
3 0.764501746031746 0.6664314285714286 0.047619047619047616 0.047619047619047616 
3 0.6878503174603176 0.7153131746031746 0.047619047619047616 0.047619047619047616 
3 0.6065171428571429 0.7522590476190476 0.047619047619047616 0.047619047619047616 
4 0.6868422222222222 0.3628987301587302 0.04126984126984127 0.04126984126984127 
4 0.33209253968253966 0.3125295238095238 0.04126984126984127 0.04126984126984127 
4 0.33988253968253973 0.7131831746031746 0.04126984126984127 0.04126984126984127 
4 0.8489868253968255 0.8946896825396825 0.04126984126984127 0.04126984126984127 
4 0.5953296825396825 0.29407809523809525 0.04126984126984127 0.04126984126984127 
4 0.49423793650793657 0.7178734920634922 0.04126984126984127 0.04126984126984127 
4 0.14642857142857144 0.8111111111111111 0.04126984126984127 0.04126984126984127 
4 0.39858301587301587 0.3013820634920635 0.04126984126984127 0.04126984126984127 
4 0.7646593650793652 0.771528253968254 0.04126984126984127 0.04126984126984127 
5 0.6530042857142857 0.2444488888888889 0.04285714285714286 0.04285714285714286 
5 0.06419380952380951 0.4297238095238095 0.04285714285714286 0.04285714285714286 
5 0.9249379365079365 0.7932287301587302 0.04285714285714286 0.04285714285714286 
5 0.44905619047619044 0.6627696825396825 0.04285714285714286 0.04285714285714286 
