0 0.35024000000000005 0.47227015873015876 0.01904761904761905 0.01904761904761905 
0 0.532657619047619 0.37546761904761905 0.01904761904761905 0.01904761904761905 
0 0.5680484126984127 0.5523850793650793 0.01904761904761905 0.01904761904761905 
0 0.3094888888888889 0.48710158730158726 0.01904761904761905 0.01904761904761905 
2 0.6352733333333334 0.7949874603174604 0.02857142857142857 0.02857142857142857 
2 0.38734634920634925 0.3888858730158731 0.02857142857142857 0.02857142857142857 
3 0.33430000000000004 0.7692542857142857 0.047619047619047616 0.047619047619047616 
3 0.5835209523809524 0.6441801587301588 0.047619047619047616 0.047619047619047616 
3 0.3892239682539682 0.4763477777777778 0.047619047619047616 0.047619047619047616 
3 0.6834523809523809 0.7141801587301587 0.047619047619047616 0.047619047619047616 
3 0.593708888888889 0.7208676190476191 0.047619047619047616 0.047619047619047616 
3 0.8638514285714286 0.3926196825396825 0.047619047619047616 0.047619047619047616 
3 0.8184493650793652 0.3573020634920635 0.047619047619047616 0.047619047619047616 
3 0.7912498412698412 0.7040173015873017 0.047619047619047616 0.047619047619047616 
3 0.764501746031746 0.6664314285714286 0.047619047619047616 0.047619047619047616 
3 0.6743784126984126 0.6705377777777778 0.047619047619047616 0.047619047619047616 
4 0.39775142857142853 0.25859380952380956 0.04126984126984127 0.04126984126984127 
4 0.12072492063492064 0.6599038095238096 0.04126984126984127 0.04126984126984127 
4 0.03633285714285714 0.464024126984127 0.04126984126984127 0.04126984126984127 
4 0.08332031746031746 0.4307755555555555 0.04126984126984127 0.04126984126984127 
4 0.2946309523809524 0.7215109523809524 0.04126984126984127 0.04126984126984127 
4 0.14642857142857144 0.8111111111111111 0.04126984126984127 0.04126984126984127 
4 0.7081453968253968 0.5683653968253968 0.04126984126984127 0.04126984126984127 
4 0.4679066666666667 0.20595238095238094 0.04126984126984127 0.04126984126984127 
4 0.7491933333333333 0.29414968253968254 0.04126984126984127 0.04126984126984127 
5 0.5629622222222223 0.15816952380952382 0.04285714285714286 0.04285714285714286 
5 0.4142660317460318 0.7253771428571429 0.04285714285714286 0.04285714285714286 
5 0.35131539682539675 0.6563519047619047 0.04285714285714286 0.04285714285714286 
5 0.16011873015873018 0.9443195238095238 0.04285714285714286 0.04285714285714286 
