0 0.13238873015873015 0.09412031746031746 0.01904761904761905 0.01904761904761905 
0 0.5518598412698412 0.6957304761904762 0.01904761904761905 0.01904761904761905 
0 0.532774126984127 0.6889430158730159 0.01904761904761905 0.01904761904761905 
0 0.5207595238095237 0.6778953968253968 0.01904761904761905 0.01904761904761905 
0 0.5933471428571429 0.6816315873015873 0.01904761904761905 0.01904761904761905 
2 0.9419617460317461 0.6411069841269841 0.02857142857142857 0.02857142857142857 
2 0.8833387301587301 0.49507825396825395 0.02857142857142857 0.02857142857142857 
2 0.802982380952381 0.4300668253968254 0.02857142857142857 0.02857142857142857 
2 0.29906301587301587 0.3288469841269841 0.02857142857142857 0.02857142857142857 
2 0.9024692063492062 0.7080326984126983 0.02857142857142857 0.02857142857142857 
2 0.7770644444444444 0.3292344444444445 0.02857142857142857 0.02857142857142857 
3 0.9534634920634921 0.8458501587301587 0.047619047619047616 0.047619047619047616 
3 0.9456773015873016 0.8843909523809523 0.047619047619047616 0.047619047619047616 
3 0.8918787301587302 0.978057142857143 0.047619047619047616 0.047619047619047616 
3 0.1838698412698413 0.383784126984127 0.047619047619047616 0.047619047619047616 
3 0.8064471428571429 0.12117079365079364 0.047619047619047616 0.047619047619047616 
3 0.5180361904761904 0.5249925396825397 0.047619047619047616 0.047619047619047616 
3 0.5086944444444444 0.4807598412698412 0.047619047619047616 0.047619047619047616 
3 0.4695039682539683 0.5104266666666667 0.047619047619047616 0.047619047619047616 
3 0.47441523809523806 0.45071634920634923 0.047619047619047616 0.047619047619047616 
4 0.17202317460317462 0.688399365079365 0.04126984126984127 0.04126984126984127 
4 0.402394126984127 0.593621746031746 0.04126984126984127 0.04126984126984127 
4 0.11414444444444445 0.3680020634920635 0.04126984126984127 0.04126984126984127 
4 0.04300285714285714 0.7777828571428571 0.04126984126984127 0.04126984126984127 
4 0.8526744444444444 0.14251031746031748 0.04126984126984127 0.04126984126984127 
4 0.8793296825396826 0.26621873015873015 0.04126984126984127 0.04126984126984127 
4 0.11341984126984127 0.4966811111111111 0.04126984126984127 0.04126984126984127 
4 0.23120190476190475 0.6916192063492064 0.04126984126984127 0.04126984126984127 
4 0.6849425396825397 0.6673901587301587 0.04126984126984127 0.04126984126984127 
4 0.633064126984127 0.6228985714285714 0.04126984126984127 0.04126984126984127 
4 0.7040314285714286 0.98166873015873 0.04126984126984127 0.04126984126984127 
4 0.6659952380952382 0.47484380952380956 0.04126984126984127 0.04126984126984127 
4 0.9079365079365079 0.250674126984127 0.04126984126984127 0.04126984126984127 
4 0.48412698412698413 0.373015873015873 0.04126984126984127 0.04126984126984127 
4 0.4748015873015873 0.278637619047619 0.04126984126984127 0.04126984126984127 
4 0.3209344444444444 0.28560650793650794 0.04126984126984127 0.04126984126984127 
4 0.21743380952380956 0.940326507936508 0.04126984126984127 0.04126984126984127 
4 0.5338001587301586 0.11045746031746032 0.04126984126984127 0.04126984126984127 
4 0.5755463492063492 0.6425152380952381 0.04126984126984127 0.04126984126984127 
4 0.41570587301587303 0.05869428571428572 0.04126984126984127 0.04126984126984127 
5 0.037447301587301585 0.47105079365079366 0.04285714285714286 0.04285714285714286 
5 0.4495633333333333 0.11917888888888889 0.04285714285714286 0.04285714285714286 
5 0.4107322222222222 0.21597761904761906 0.04285714285714286 0.04285714285714286 
