0 0.12081206349206348 0.778009365079365 0.01904761904761905 0.01904761904761905 
0 0.26171873015873015 0.7555993650793651 0.01904761904761905 0.01904761904761905 
0 0.7911703174603174 0.897638888888889 0.01904761904761905 0.01904761904761905 
0 0.33241793650793655 0.5136333333333334 0.01904761904761905 0.01904761904761905 
0 0.646178888888889 0.4033638095238095 0.01904761904761905 0.01904761904761905 
2 0.8510922222222224 0.8686311111111111 0.02857142857142857 0.02857142857142857 
2 0.4253968253968254 0.3834088888888889 0.02857142857142857 0.02857142857142857 
2 0.20986460317460318 0.4318279365079365 0.02857142857142857 0.02857142857142857 
3 0.1318468253968254 0.5615679365079365 0.047619047619047616 0.047619047619047616 
3 0.14334682539682542 0.5384080952380952 0.047619047619047616 0.047619047619047616 
3 0.1426269841269841 0.6573088888888889 0.047619047619047616 0.047619047619047616 
3 0.05176873015873016 0.5615592063492063 0.047619047619047616 0.047619047619047616 
3 0.4197739682539683 0.7034771428571429 0.047619047619047616 0.047619047619047616 
3 0.39184825396825396 0.6510230158730158 0.047619047619047616 0.047619047619047616 
3 0.48858412698412695 0.9638474603174603 0.047619047619047616 0.047619047619047616 
3 0.1404231746031746 0.3393034920634921 0.047619047619047616 0.047619047619047616 
3 0.21752777777777776 0.0848336507936508 0.047619047619047616 0.047619047619047616 
3 0.142655873015873 0.12054365079365079 0.047619047619047616 0.047619047619047616 
3 0.7947933333333334 0.4593066666666667 0.047619047619047616 0.047619047619047616 
3 0.7694279365079365 0.41557222222222223 0.047619047619047616 0.047619047619047616 
3 0.823284126984127 0.36917111111111106 0.047619047619047616 0.047619047619047616 
3 0.7763577777777778 0.3125801587301587 0.047619047619047616 0.047619047619047616 
3 0.7460907936507937 0.3351679365079365 0.047619047619047616 0.047619047619047616 
3 0.7278858730158729 0.2919277777777778 0.047619047619047616 0.047619047619047616 
3 0.7263638095238095 0.24127238095238093 0.047619047619047616 0.047619047619047616 
3 0.4644592063492063 0.4319107936507936 0.047619047619047616 0.047619047619047616 
3 0.4648273015873015 0.3483430158730159 0.047619047619047616 0.047619047619047616 
3 0.4652228571428571 0.29486952380952386 0.047619047619047616 0.047619047619047616 
3 0.49189253968253965 0.4668546031746032 0.047619047619047616 0.047619047619047616 
3 0.8471174603174603 0.4391869841269842 0.047619047619047616 0.047619047619047616 
4 0.514091111111111 0.7670715873015873 0.04126984126984127 0.04126984126984127 
4 0.0502436507936508 0.28694031746031745 0.04126984126984127 0.04126984126984127 
4 0.32107079365079366 0.7643080952380952 0.04126984126984127 0.04126984126984127 
4 0.2750209523809524 0.4510442857142858 0.04126984126984127 0.04126984126984127 
4 0.31593920634920636 0.9082011111111111 0.04126984126984127 0.04126984126984127 
4 0.5957207936507937 0.8203569841269841 0.04126984126984127 0.04126984126984127 
4 0.9524861904761904 0.3085520634920635 0.04126984126984127 0.04126984126984127 
4 0.9183182539682538 0.6575146031746032 0.04126984126984127 0.04126984126984127 
5 0.019417777777777777 0.8932930158730158 0.04285714285714286 0.04285714285714286 
5 0.8077307936507936 0.6541147619047618 0.04285714285714286 0.04285714285714286 
5 0.8271934920634922 0.9153195238095237 0.04285714285714286 0.04285714285714286 
