0 0.8245580952380953 0.36155444444444446 0.01904761904761905 0.01904761904761905 
0 0.3889693650793651 0.43220714285714285 0.01904761904761905 0.01904761904761905 
2 0.4958874603174603 0.3729774603174603 0.02857142857142857 0.02857142857142857 
2 0.4928153968253968 0.018462857142857145 0.02857142857142857 0.02857142857142857 
2 0.49106714285714287 0.4014184126984127 0.02857142857142857 0.02857142857142857 
2 0.796031746031746 0.21274015873015872 0.02857142857142857 0.02857142857142857 
3 0.9534634920634921 0.8458501587301587 0.047619047619047616 0.047619047619047616 
3 0.2806063492063492 0.5101474603174603 0.047619047619047616 0.047619047619047616 
3 0.3041820634920635 0.5438520634920635 0.047619047619047616 0.047619047619047616 
3 0.18596920634920636 0.519890634920635 0.047619047619047616 0.047619047619047616 
3 0.23415936507936508 0.5426836507936509 0.047619047619047616 0.047619047619047616 
3 0.1357468253968254 0.3025022222222222 0.047619047619047616 0.047619047619047616 
3 0.16531476190476188 0.26016079365079364 0.047619047619047616 0.047619047619047616 
3 0.09344825396825397 0.2725526984126984 0.047619047619047616 0.047619047619047616 
3 0.1838698412698413 0.383784126984127 0.047619047619047616 0.047619047619047616 
3 0.6261065079365079 0.13935936507936508 0.047619047619047616 0.047619047619047616 
3 0.7792850793650794 0.05441301587301588 0.047619047619047616 0.047619047619047616 
3 0.481412380952381 0.2859761904761905 0.047619047619047616 0.047619047619047616 
3 0.5208587301587301 0.28359555555555555 0.047619047619047616 0.047619047619047616 
3 0.54149 0.5833103174603175 0.047619047619047616 0.047619047619047616 
3 0.596812380952381 0.5926633333333333 0.047619047619047616 0.047619047619047616 
3 0.6451403174603174 0.6120177777777778 0.047619047619047616 0.047619047619047616 
3 0.6497841269841269 0.44554079365079363 0.047619047619047616 0.047619047619047616 
3 0.7227396825396826 0.4531260317460318 0.047619047619047616 0.047619047619047616 
3 0.7671820634920635 0.44215206349206343 0.047619047619047616 0.047619047619047616 
3 0.7534057142857142 0.5154038095238095 0.047619047619047616 0.047619047619047616 
3 0.8688784126984128 0.8790728571428571 0.047619047619047616 0.047619047619047616 
3 0.2957795238095238 0.2889203174603175 0.047619047619047616 0.047619047619047616 
3 0.6842193650793652 0.4127739682539682 0.047619047619047616 0.047619047619047616 
3 0.6072979365079365 0.4077103174603174 0.047619047619047616 0.047619047619047616 
4 0.3209077777777778 0.12662 0.04126984126984127 0.04126984126984127 
4 0.37586349206349207 0.1553084126984127 0.04126984126984127 0.04126984126984127 
4 0.7040620634920636 0.8574103174603175 0.04126984126984127 0.04126984126984127 
4 0.9367920634920635 0.8555661904761905 0.04126984126984127 0.04126984126984127 
4 0.9079365079365079 0.250674126984127 0.04126984126984127 0.04126984126984127 
4 0.4769312698412698 0.18502650793650793 0.04126984126984127 0.04126984126984127 
4 0.1211811111111111 0.07454349206349206 0.04126984126984127 0.04126984126984127 
4 0.21743380952380956 0.940326507936508 0.04126984126984127 0.04126984126984127 
5 0.0820574603174603 0.6382833333333333 0.04285714285714286 0.04285714285714286 
5 0.8037084126984128 0.27495476190476187 0.04285714285714286 0.04285714285714286 
5 0.941416984126984 0.15525111111111112 0.04285714285714286 0.04285714285714286 
5 0.5719649206349207 0.37864206349206353 0.04285714285714286 0.04285714285714286 
5 0.8135023809523809 0.9018861904761906 0.04285714285714286 0.04285714285714286 
5 0.9404411111111113 0.5711226984126984 0.04285714285714286 0.04285714285714286 
