0 0.3042587301587302 0.5256820634920635 0.01904761904761905 0.01904761904761905 
0 0.1782779365079365 0.42830095238095234 0.01904761904761905 0.01904761904761905 
0 0.12985825396825396 0.5754860317460317 0.01904761904761905 0.01904761904761905 
0 0.1820566666666667 0.2394384126984127 0.01904761904761905 0.01904761904761905 
0 0.7280293650793651 0.07564841269841269 0.01904761904761905 0.01904761904761905 
0 0.7188353968253968 0.08753793650793651 0.01904761904761905 0.01904761904761905 
0 0.5289995238095239 0.8335498412698412 0.01904761904761905 0.01904761904761905 
2 0.7365079365079366 0.29603174603174603 0.02857142857142857 0.02857142857142857 
2 0.7356480952380952 0.7087963492063493 0.02857142857142857 0.02857142857142857 
3 0.8580636507936508 0.3212196825396825 0.047619047619047616 0.047619047619047616 
3 0.8482452380952381 0.38407095238095235 0.047619047619047616 0.047619047619047616 
3 0.8226598412698412 0.33507968253968257 0.047619047619047616 0.047619047619047616 
4 0.38232158730158733 0.399345873015873 0.04126984126984127 0.04126984126984127 
4 0.9531423809523809 0.24261190476190475 0.04126984126984127 0.04126984126984127 
4 0.9627342857142858 0.12420809523809523 0.04126984126984127 0.04126984126984127 
4 0.5466752380952381 0.22936126984126984 0.04126984126984127 0.04126984126984127 
4 0.39858301587301587 0.3013820634920635 0.04126984126984127 0.04126984126984127 
5 0.037868095238095235 0.5516385714285714 0.04285714285714286 0.04285714285714286 
5 0.8073574603174604 0.9773909523809524 0.04285714285714286 0.04285714285714286 
5 0.7392993650793651 0.9326847619047619 0.04285714285714286 0.04285714285714286 
5 0.8186346031746032 0.7049331746031745 0.04285714285714286 0.04285714285714286 
5 0.44905619047619044 0.6627696825396825 0.04285714285714286 0.04285714285714286 
5 0.5244293650793651 0.9044166666666668 0.04285714285714286 0.04285714285714286 
