0 0.012998888888888888 0.34173476190476193 0.01904761904761905 0.01904761904761905 
0 0.21275444444444447 0.9303061904761905 0.01904761904761905 0.01904761904761905 
0 0.6533739682539683 0.9910404761904762 0.01904761904761905 0.01904761904761905 
0 0.6046733333333334 0.6663884126984128 0.01904761904761905 0.01904761904761905 
2 0.2835580952380952 0.17265301587301587 0.02857142857142857 0.02857142857142857 
3 0.17901492063492064 0.029831428571428568 0.047619047619047616 0.047619047619047616 
3 0.4695039682539683 0.5104266666666667 0.047619047619047616 0.047619047619047616 
4 0.2694704761904762 0.39442698412698407 0.04126984126984127 0.04126984126984127 
4 0.402394126984127 0.593621746031746 0.04126984126984127 0.04126984126984127 
4 0.133964126984127 0.5615631746031746 0.04126984126984127 0.04126984126984127 
4 0.633064126984127 0.6228985714285714 0.04126984126984127 0.04126984126984127 
4 0.4748015873015873 0.278637619047619 0.04126984126984127 0.04126984126984127 
4 0.12469634920634921 0.4174603174603175 0.04126984126984127 0.04126984126984127 
4 0.5338001587301586 0.11045746031746032 0.04126984126984127 0.04126984126984127 
