0 0.13147476190476193 0.19074174603174604 0.01904761904761905 0.01904761904761905 
0 0.7006631746031746 0.5538220634920635 0.01904761904761905 0.01904761904761905 
2 0.9252646031746031 0.569047619047619 0.02857142857142857 0.02857142857142857 
2 0.9262904761904762 0.8798398412698412 0.02857142857142857 0.02857142857142857 
3 0.18596920634920636 0.519890634920635 0.047619047619047616 0.047619047619047616 
3 0.23415936507936508 0.5426836507936509 0.047619047619047616 0.047619047619047616 
3 0.16531476190476188 0.26016079365079364 0.047619047619047616 0.047619047619047616 
3 0.6032239682539683 0.08083587301587301 0.047619047619047616 0.047619047619047616 
3 0.7399749206349205 0.03190888888888889 0.047619047619047616 0.047619047619047616 
3 0.5208587301587301 0.28359555555555555 0.047619047619047616 0.047619047619047616 
3 0.6451403174603174 0.6120177777777778 0.047619047619047616 0.047619047619047616 
3 0.7908333333333334 0.4781561904761905 0.047619047619047616 0.047619047619047616 
3 0.9850336507936509 0.506354126984127 0.047619047619047616 0.047619047619047616 
3 0.9012809523809524 0.4817125396825397 0.047619047619047616 0.047619047619047616 
3 0.2957795238095238 0.2889203174603175 0.047619047619047616 0.047619047619047616 
3 0.6072979365079365 0.4077103174603174 0.047619047619047616 0.047619047619047616 
4 0.889809365079365 0.25775333333333333 0.04126984126984127 0.04126984126984127 
4 0.8015715873015873 0.6545261904761905 0.04126984126984127 0.04126984126984127 
4 0.32303571428571426 0.023095238095238096 0.04126984126984127 0.04126984126984127 
4 0.988824126984127 0.06261746031746031 0.04126984126984127 0.04126984126984127 
4 0.9015322222222223 0.6629519047619047 0.04126984126984127 0.04126984126984127 
