0 0.7135015873015873 0.32586920634920635 0.01904761904761905 0.01904761904761905 
0 0.5676866666666667 0.4146809523809523 0.01904761904761905 0.01904761904761905 
0 0.6498638095238095 0.4075138095238095 0.01904761904761905 0.01904761904761905 
0 0.653132380952381 0.38826904761904757 0.01904761904761905 0.01904761904761905 
0 0.6181150793650794 0.38988428571428574 0.01904761904761905 0.01904761904761905 
0 0.6408138095238095 0.4601871428571429 0.01904761904761905 0.01904761904761905 
0 0.6532728571428571 0.44721047619047616 0.01904761904761905 0.01904761904761905 
0 0.6914600000000001 0.4498953968253968 0.01904761904761905 0.01904761904761905 
0 0.6798304761904761 0.46250142857142856 0.01904761904761905 0.01904761904761905 
0 0.3417603174603175 0.13444111111111112 0.01904761904761905 0.01904761904761905 
3 0.8979287301587302 0.8204214285714285 0.047619047619047616 0.047619047619047616 
3 0.09826412698412698 0.13505809523809525 0.047619047619047616 0.047619047619047616 
3 0.2952884126984127 0.058056190476190477 0.047619047619047616 0.047619047619047616 
3 0.26817 0.019576190476190476 0.047619047619047616 0.047619047619047616 
3 0.7215380952380952 0.2442693650793651 0.047619047619047616 0.047619047619047616 
