0 0.20489507936507936 0.24110190476190477 0.01904761904761905 0.01904761904761905 
0 0.7975115873015874 0.41763412698412694 0.01904761904761905 0.01904761904761905 
0 0.2118231746031746 0.6330669841269841 0.01904761904761905 0.01904761904761905 
0 0.8029550793650795 0.43724428571428575 0.01904761904761905 0.01904761904761905 
2 0.6362861904761905 0.06084269841269841 0.02857142857142857 0.02857142857142857 
2 0.02997063492063492 0.3440269841269841 0.02857142857142857 0.02857142857142857 
2 0.06165603174603174 0.512751746031746 0.02857142857142857 0.02857142857142857 
2 0.723015873015873 0.5061507936507936 0.02857142857142857 0.02857142857142857 
2 0.0440120634920635 0.5172666666666668 0.02857142857142857 0.02857142857142857 
3 0.9287149206349207 0.0913163492063492 0.047619047619047616 0.047619047619047616 
3 0.9596138095238095 0.38580904761904766 0.047619047619047616 0.047619047619047616 
3 0.9402896825396825 0.4201803174603174 0.047619047619047616 0.047619047619047616 
3 0.8908777777777777 0.39759460317460316 0.047619047619047616 0.047619047619047616 
3 0.44181190476190474 0.9098344444444444 0.047619047619047616 0.047619047619047616 
3 0.9630226984126984 0.6189333333333333 0.047619047619047616 0.047619047619047616 
3 0.39559126984126985 0.6832557142857144 0.047619047619047616 0.047619047619047616 
3 0.3399641269841269 0.6961846031746032 0.047619047619047616 0.047619047619047616 
3 0.36225571428571424 0.6620066666666666 0.047619047619047616 0.047619047619047616 
3 0.29291142857142854 0.7191992063492064 0.047619047619047616 0.047619047619047616 
3 0.47040095238095236 0.6531866666666667 0.047619047619047616 0.047619047619047616 
3 0.5127636507936508 0.6228650793650794 0.047619047619047616 0.047619047619047616 
3 0.6566157142857143 0.18824047619047618 0.047619047619047616 0.047619047619047616 
3 0.6737484126984127 0.23194539682539686 0.047619047619047616 0.047619047619047616 
3 0.6987011111111111 0.1591620634920635 0.047619047619047616 0.047619047619047616 
3 0.3585714285714286 0.19430809523809525 0.047619047619047616 0.047619047619047616 
3 0.4211020634920635 0.16642460317460317 0.047619047619047616 0.047619047619047616 
3 0.41079158730158727 0.19894095238095236 0.047619047619047616 0.047619047619047616 
4 0.22255587301587304 0.37843333333333334 0.04126984126984127 0.04126984126984127 
4 0.1430795238095238 0.8453239682539684 0.04126984126984127 0.04126984126984127 
4 0.29768999999999995 0.4149749206349207 0.04126984126984127 0.04126984126984127 
4 0.14448650793650794 0.5142015873015873 0.04126984126984127 0.04126984126984127 
4 0.372888253968254 0.5837088888888889 0.04126984126984127 0.04126984126984127 
4 0.5241869841269842 0.2907180952380952 0.04126984126984127 0.04126984126984127 
4 0.07125857142857142 0.4013038095238095 0.04126984126984127 0.04126984126984127 
4 0.4276820634920635 0.7124395238095237 0.04126984126984127 0.04126984126984127 
5 0.3386528571428571 0.8800146031746031 0.04285714285714286 0.04285714285714286 
5 0.959205873015873 0.5248615873015873 0.04285714285714286 0.04285714285714286 
5 0.39408936507936504 0.04695873015873015 0.04285714285714286 0.04285714285714286 
5 0.15917142857142855 0.47188174603174604 0.04285714285714286 0.04285714285714286 
5 0.10779761904761904 0.43972253968253966 0.04285714285714286 0.04285714285714286 
5 0.21901857142857142 0.42894126984126985 0.04285714285714286 0.04285714285714286 
5 0.5306782539682541 0.7496639682539682 0.04285714285714286 0.04285714285714286 
