0 0.11922825396825397 0.22649079365079364 0.01904761904761905 0.01904761904761905 
0 0.9492704761904763 0.6737109523809524 0.01904761904761905 0.01904761904761905 
0 0.48985841269841274 0.3080609523809524 0.01904761904761905 0.01904761904761905 
0 0.17236968253968257 0.8188238095238096 0.01904761904761905 0.01904761904761905 
0 0.18694126984126982 0.8160419047619047 0.01904761904761905 0.01904761904761905 
0 0.5027877777777778 0.3231177777777778 0.01904761904761905 0.01904761904761905 
0 0.2497474603174603 0.06204460317460317 0.01904761904761905 0.01904761904761905 
0 0.2593784126984127 0.0805536507936508 0.01904761904761905 0.01904761904761905 
0 0.28253428571428574 0.09210984126984127 0.01904761904761905 0.01904761904761905 
0 0.34807777777777776 0.027205079365079363 0.01904761904761905 0.01904761904761905 
0 0.31064793650793654 0.023098095238095237 0.01904761904761905 0.01904761904761905 
0 0.6840668253968254 0.3793152380952381 0.01904761904761905 0.01904761904761905 
2 0.5825553968253968 0.3362133333333333 0.02857142857142857 0.02857142857142857 
3 0.88895 0.09272365079365079 0.047619047619047616 0.047619047619047616 
3 0.36688809523809524 0.17935761904761904 0.047619047619047616 0.047619047619047616 
3 0.4249898412698413 0.1378653968253968 0.047619047619047616 0.047619047619047616 
4 0.37893349206349203 0.3692611111111111 0.04126984126984127 0.04126984126984127 
4 0.5146984126984127 0.07184460317460317 0.04126984126984127 0.04126984126984127 
4 0.06499666666666666 0.2851396825396825 0.04126984126984127 0.04126984126984127 
4 0.7273826984126985 0.27587460317460316 0.04126984126984127 0.04126984126984127 
4 0.7686507936507937 0.06547619047619048 0.04126984126984127 0.04126984126984127 
4 0.0965452380952381 0.449144126984127 0.04126984126984127 0.04126984126984127 
4 0.6872868253968254 0.590372380952381 0.04126984126984127 0.04126984126984127 
5 0.4798461904761904 0.9680871428571428 0.04285714285714286 0.04285714285714286 
5 0.7697042857142856 0.1057752380952381 0.04285714285714286 0.04285714285714286 
5 0.9780487301587302 0.420862380952381 0.04285714285714286 0.04285714285714286 
5 0.5603274603174603 0.12253904761904763 0.04285714285714286 0.04285714285714286 
5 0.5236312698412698 0.7238719047619048 0.04285714285714286 0.04285714285714286 
