0 0.0924036507936508 0.43967746031746036 0.01904761904761905 0.01904761904761905 
0 0.5036946031746031 0.7064312698412698 0.01904761904761905 0.01904761904761905 
0 0.5126804761904762 0.5012758730158731 0.01904761904761905 0.01904761904761905 
0 0.5295222222222222 0.5100031746031747 0.01904761904761905 0.01904761904761905 
2 0.13321126984126985 0.2543955555555556 0.02857142857142857 0.02857142857142857 
3 0.47222888888888886 0.8948295238095239 0.047619047619047616 0.047619047619047616 
3 0.4869250793650794 0.9304436507936508 0.047619047619047616 0.047619047619047616 
3 0.9630226984126984 0.6189333333333333 0.047619047619047616 0.047619047619047616 
3 0.6711057142857143 0.6998280952380953 0.047619047619047616 0.047619047619047616 
3 0.6546798412698412 0.6575579365079365 0.047619047619047616 0.047619047619047616 
3 0.6160315873015872 0.563884761904762 0.047619047619047616 0.047619047619047616 
3 0.7295198412698413 0.54184 0.047619047619047616 0.047619047619047616 
3 0.3676904761904762 0.6970052380952381 0.047619047619047616 0.047619047619047616 
3 0.3421530158730159 0.7301192063492064 0.047619047619047616 0.047619047619047616 
3 0.47040095238095236 0.6531866666666667 0.047619047619047616 0.047619047619047616 
3 0.555799365079365 0.5983652380952381 0.047619047619047616 0.047619047619047616 
3 0.618801746031746 0.25632126984126985 0.047619047619047616 0.047619047619047616 
3 0.5565911111111111 0.28457317460317455 0.047619047619047616 0.047619047619047616 
3 0.48514999999999997 0.3451979365079365 0.047619047619047616 0.047619047619047616 
3 0.38653126984126984 0.14628730158730158 0.047619047619047616 0.047619047619047616 
3 0.3514990476190476 0.4057753968253969 0.047619047619047616 0.047619047619047616 
3 0.24372095238095237 0.5043461904761904 0.047619047619047616 0.047619047619047616 
3 0.16046079365079366 0.5463926984126984 0.047619047619047616 0.047619047619047616 
3 0.4962993650793651 0.6440157142857142 0.047619047619047616 0.047619047619047616 
3 0.3464190476190476 0.1944498412698413 0.047619047619047616 0.047619047619047616 
4 0.11568523809523809 0.6589185714285715 0.04126984126984127 0.04126984126984127 
4 0.3214814285714286 0.6481665079365079 0.04126984126984127 0.04126984126984127 
4 0.49261015873015873 0.7427693650793651 0.04126984126984127 0.04126984126984127 
4 0.3290969841269842 0.5550782539682539 0.04126984126984127 0.04126984126984127 
4 0.11808873015873016 0.0378379365079365 0.04126984126984127 0.04126984126984127 
4 0.5480719047619048 0.43131761904761906 0.04126984126984127 0.04126984126984127 
5 0.44169095238095235 0.2887515873015873 0.04285714285714286 0.04285714285714286 
5 0.2279422222222222 0.21723349206349207 0.04285714285714286 0.04285714285714286 
5 0.259828253968254 0.6030006349206349 0.04285714285714286 0.04285714285714286 
