0 0.37302571428571424 0.4070958730158731 0.01904761904761905 0.01904761904761905 
0 0.4955231746031746 0.7039220634920634 0.01904761904761905 0.01904761904761905 
0 0.4777566666666667 0.6958814285714285 0.01904761904761905 0.01904761904761905 
0 0.5413414285714285 0.748102380952381 0.01904761904761905 0.01904761904761905 
0 0.3758214285714286 0.7733671428571428 0.01904761904761905 0.01904761904761905 
0 0.36083428571428566 0.7837747619047619 0.01904761904761905 0.01904761904761905 
0 0.3917946031746032 0.7586836507936509 0.01904761904761905 0.01904761904761905 
0 0.7330984126984128 0.375334126984127 0.01904761904761905 0.01904761904761905 
0 0.536984126984127 0.44445015873015875 0.01904761904761905 0.01904761904761905 
0 0.5739319047619048 0.1660009523809524 0.01904761904761905 0.01904761904761905 
0 0.6874979365079364 0.12373666666666669 0.01904761904761905 0.01904761904761905 
0 0.6973426984126984 0.14057126984126983 0.01904761904761905 0.01904761904761905 
0 0.444284126984127 0.20881031746031745 0.01904761904761905 0.01904761904761905 
0 0.40254349206349205 0.5424793650793651 0.01904761904761905 0.01904761904761905 
0 0.5114257142857143 0.46322619047619046 0.01904761904761905 0.01904761904761905 
0 0.6234771428571428 0.6461147619047619 0.01904761904761905 0.01904761904761905 
0 0.6766960317460318 0.7535709523809524 0.01904761904761905 0.01904761904761905 
0 0.6543446031746032 0.7702638095238096 0.01904761904761905 0.01904761904761905 
2 0.11790285714285714 0.445726507936508 0.02857142857142857 0.02857142857142857 
3 0.9225730158730159 0.1515425396825397 0.047619047619047616 0.047619047619047616 
3 0.8886107936507937 0.14137539682539682 0.047619047619047616 0.047619047619047616 
3 0.9316607936507936 0.07758460317460318 0.047619047619047616 0.047619047619047616 
3 0.9429912698412699 0.11693444444444445 0.047619047619047616 0.047619047619047616 
3 0.88895 0.09272365079365079 0.047619047619047616 0.047619047619047616 
3 0.4249898412698413 0.1378653968253968 0.047619047619047616 0.047619047619047616 
4 0.29234603174603174 0.16787174603174604 0.04126984126984127 0.04126984126984127 
4 0.37893349206349203 0.3692611111111111 0.04126984126984127 0.04126984126984127 
4 0.45555555555555555 0.2523809523809524 0.04126984126984127 0.04126984126984127 
5 0.8215385714285715 0.19154857142857143 0.04285714285714286 0.04285714285714286 
5 0.4501588888888889 0.07225396825396825 0.04285714285714286 0.04285714285714286 
