0 0.0426447619047619 0.7508441269841271 0.01904761904761905 0.01904761904761905 
0 0.03792793650793651 0.7703271428571428 0.01904761904761905 0.01904761904761905 
0 0.18012238095238095 0.9014422222222221 0.01904761904761905 0.01904761904761905 
0 0.7975115873015874 0.41763412698412694 0.01904761904761905 0.01904761904761905 
0 0.8029550793650795 0.43724428571428575 0.01904761904761905 0.01904761904761905 
2 0.6362861904761905 0.06084269841269841 0.02857142857142857 0.02857142857142857 
2 0.723015873015873 0.5061507936507936 0.02857142857142857 0.02857142857142857 
2 0.0440120634920635 0.5172666666666668 0.02857142857142857 0.02857142857142857 
3 0.9287149206349207 0.0913163492063492 0.047619047619047616 0.047619047619047616 
3 0.9402896825396825 0.4201803174603174 0.047619047619047616 0.047619047619047616 
3 0.8908777777777777 0.39759460317460316 0.047619047619047616 0.047619047619047616 
3 0.44181190476190474 0.9098344444444444 0.047619047619047616 0.047619047619047616 
3 0.4869250793650794 0.9304436507936508 0.047619047619047616 0.047619047619047616 
3 0.9630226984126984 0.6189333333333333 0.047619047619047616 0.047619047619047616 
3 0.6160315873015872 0.563884761904762 0.047619047619047616 0.047619047619047616 
3 0.39559126984126985 0.6832557142857144 0.047619047619047616 0.047619047619047616 
3 0.3399641269841269 0.6961846031746032 0.047619047619047616 0.047619047619047616 
3 0.36225571428571424 0.6620066666666666 0.047619047619047616 0.047619047619047616 
3 0.29291142857142854 0.7191992063492064 0.047619047619047616 0.047619047619047616 
3 0.47040095238095236 0.6531866666666667 0.047619047619047616 0.047619047619047616 
3 0.5127636507936508 0.6228650793650794 0.047619047619047616 0.047619047619047616 
3 0.6566157142857143 0.18824047619047618 0.047619047619047616 0.047619047619047616 
3 0.6737484126984127 0.23194539682539686 0.047619047619047616 0.047619047619047616 
3 0.6987011111111111 0.1591620634920635 0.047619047619047616 0.047619047619047616 
3 0.618801746031746 0.25632126984126985 0.047619047619047616 0.047619047619047616 
3 0.4211020634920635 0.16642460317460317 0.047619047619047616 0.047619047619047616 
3 0.41079158730158727 0.19894095238095236 0.047619047619047616 0.047619047619047616 
4 0.22255587301587304 0.37843333333333334 0.04126984126984127 0.04126984126984127 
4 0.11568523809523809 0.6589185714285715 0.04126984126984127 0.04126984126984127 
4 0.9814609523809523 0.15819079365079367 0.04126984126984127 0.04126984126984127 
4 0.1430795238095238 0.8453239682539684 0.04126984126984127 0.04126984126984127 
4 0.29768999999999995 0.4149749206349207 0.04126984126984127 0.04126984126984127 
4 0.14448650793650794 0.5142015873015873 0.04126984126984127 0.04126984126984127 
4 0.5241869841269842 0.2907180952380952 0.04126984126984127 0.04126984126984127 
4 0.07125857142857142 0.4013038095238095 0.04126984126984127 0.04126984126984127 
4 0.4276820634920635 0.7124395238095237 0.04126984126984127 0.04126984126984127 
4 0.5480719047619048 0.43131761904761906 0.04126984126984127 0.04126984126984127 
5 0.3386528571428571 0.8800146031746031 0.04285714285714286 0.04285714285714286 
5 0.10779761904761904 0.43972253968253966 0.04285714285714286 0.04285714285714286 
5 0.21901857142857142 0.42894126984126985 0.04285714285714286 0.04285714285714286 
5 0.2279422222222222 0.21723349206349207 0.04285714285714286 0.04285714285714286 
