0 0.8564166666666667 0.7534909523809524 0.01904761904761905 0.01904761904761905 
0 0.8595361904761906 0.734933015873016 0.01904761904761905 0.01904761904761905 
0 0.8364096825396826 0.7632953968253969 0.01904761904761905 0.01904761904761905 
0 0.8799715873015873 0.560059365079365 0.01904761904761905 0.01904761904761905 
0 0.8418987301587302 0.5961565079365079 0.01904761904761905 0.01904761904761905 
0 0.7363644444444444 0.347982380952381 0.01904761904761905 0.01904761904761905 
0 0.5748395238095239 0.05423285714285714 0.01904761904761905 0.01904761904761905 
3 0.9225730158730159 0.1515425396825397 0.047619047619047616 0.047619047619047616 
3 0.9429912698412699 0.11693444444444445 0.047619047619047616 0.047619047619047616 
4 0.7181977777777777 0.20466571428571428 0.04126984126984127 0.04126984126984127 
5 0.8974720634920634 0.4670996825396826 0.04285714285714286 0.04285714285714286 
