0 0.21084238095238098 0.24566301587301587 0.01904761904761905 0.01904761904761905 
0 0.2608876190476191 0.08690634920634921 0.01904761904761905 0.01904761904761905 
0 0.27389428571428576 0.07846920634920634 0.01904761904761905 0.01904761904761905 
0 0.6804233333333334 0.40240460317460314 0.01904761904761905 0.01904761904761905 
0 0.6974566666666666 0.38659809523809524 0.01904761904761905 0.01904761904761905 
0 0.6043304761904762 0.35922333333333334 0.01904761904761905 0.01904761904761905 
0 0.2452595238095238 0.07440539682539682 0.01904761904761905 0.01904761904761905 
0 0.3296196825396825 0.03187603174603174 0.01904761904761905 0.01904761904761905 
0 0.3475653968253968 0.01871015873015873 0.01904761904761905 0.01904761904761905 
0 0.30867460317460316 0.025700952380952383 0.01904761904761905 0.01904761904761905 
2 0.36275507936507934 0.3392969841269841 0.02857142857142857 0.02857142857142857 
2 0.563844761904762 0.03621396825396825 0.02857142857142857 0.02857142857142857 
2 0.6890741269841271 0.5962698412698413 0.02857142857142857 0.02857142857142857 
2 0.5825553968253968 0.3362133333333333 0.02857142857142857 0.02857142857142857 
2 0.5912907936507936 0.5587638095238096 0.02857142857142857 0.02857142857142857 
2 0.338497619047619 0.42247333333333326 0.02857142857142857 0.02857142857142857 
3 0.9287149206349207 0.0913163492063492 0.047619047619047616 0.047619047619047616 
3 0.913563492063492 0.3641350793650794 0.047619047619047616 0.047619047619047616 
3 0.9596138095238095 0.38580904761904766 0.047619047619047616 0.047619047619047616 
3 0.39559126984126985 0.6832557142857144 0.047619047619047616 0.047619047619047616 
3 0.3585714285714286 0.19430809523809525 0.047619047619047616 0.047619047619047616 
4 0.5146984126984127 0.07184460317460317 0.04126984126984127 0.04126984126984127 
4 0.06499666666666666 0.2851396825396825 0.04126984126984127 0.04126984126984127 
4 0.7273826984126985 0.27587460317460316 0.04126984126984127 0.04126984126984127 
4 0.2993287301587302 0.3778884126984127 0.04126984126984127 0.04126984126984127 
4 0.08744380952380952 0.23567873015873014 0.04126984126984127 0.04126984126984127 
4 0.6872868253968254 0.590372380952381 0.04126984126984127 0.04126984126984127 
5 0.4798461904761904 0.9680871428571428 0.04285714285714286 0.04285714285714286 
5 0.959205873015873 0.5248615873015873 0.04285714285714286 0.04285714285714286 
5 0.954481111111111 0.2970528571428572 0.04285714285714286 0.04285714285714286 
5 0.39408936507936504 0.04695873015873015 0.04285714285714286 0.04285714285714286 
5 0.42665460317460313 0.43259174603174605 0.04285714285714286 0.04285714285714286 
5 0.15917142857142855 0.47188174603174604 0.04285714285714286 0.04285714285714286 
5 0.1563831746031746 0.33872587301587304 0.04285714285714286 0.04285714285714286 
5 0.5236312698412698 0.7238719047619048 0.04285714285714286 0.04285714285714286 
5 0.4909703174603174 0.750651111111111 0.04285714285714286 0.04285714285714286 
