0 0.4448247619047619 0.7086261904761905 0.01904761904761905 0.01904761904761905 
0 0.3213311111111111 0.3858590476190476 0.01904761904761905 0.01904761904761905 
0 0.2992195238095238 0.3891684126984127 0.01904761904761905 0.01904761904761905 
0 0.12787349206349205 0.4704098412698413 0.01904761904761905 0.01904761904761905 
0 0.8940346031746031 0.7670557142857143 0.01904761904761905 0.01904761904761905 
0 0.8843396825396825 0.774614126984127 0.01904761904761905 0.01904761904761905 
0 0.9184592063492063 0.8121544444444445 0.01904761904761905 0.01904761904761905 
0 0.9166907936507938 0.7928907936507937 0.01904761904761905 0.01904761904761905 
0 0.7593866666666668 0.08815714285714286 0.01904761904761905 0.01904761904761905 
2 0.43861126984126986 0.4823742857142857 0.02857142857142857 0.02857142857142857 
2 0.9040765079365078 0.13203460317460317 0.02857142857142857 0.02857142857142857 
2 0.37612428571428574 0.9214615873015873 0.02857142857142857 0.02857142857142857 
2 0.7799855555555555 0.3488473015873016 0.02857142857142857 0.02857142857142857 
2 0.30298936507936514 0.036481428571428574 0.02857142857142857 0.02857142857142857 
2 0.7063492063492064 0.21534396825396823 0.02857142857142857 0.02857142857142857 
2 0.3175692063492064 0.19556825396825397 0.02857142857142857 0.02857142857142857 
3 0.7400474603174603 0.9376599999999999 0.047619047619047616 0.047619047619047616 
3 0.7082573015873015 0.9852638095238097 0.047619047619047616 0.047619047619047616 
3 0.7046030158730159 0.7833968253968253 0.047619047619047616 0.047619047619047616 
3 0.833676507936508 0.6818369841269842 0.047619047619047616 0.047619047619047616 
3 0.9030874603174603 0.6858892063492062 0.047619047619047616 0.047619047619047616 
3 0.7217119047619047 0.7306661904761905 0.047619047619047616 0.047619047619047616 
3 0.32133190476190476 0.486306507936508 0.047619047619047616 0.047619047619047616 
3 0.22925968253968257 0.7401622222222222 0.047619047619047616 0.047619047619047616 
3 0.0976584126984127 0.934054126984127 0.047619047619047616 0.047619047619047616 
3 0.09067460317460317 0.7807704761904762 0.047619047619047616 0.047619047619047616 
3 0.08513301587301586 0.8253409523809523 0.047619047619047616 0.047619047619047616 
3 0.7968592063492064 0.6737892063492064 0.047619047619047616 0.047619047619047616 
3 0.2304915873015873 0.8114460317460317 0.047619047619047616 0.047619047619047616 
3 0.7172141269841269 0.7837738095238095 0.047619047619047616 0.047619047619047616 
3 0.7247431746031746 0.6901738095238096 0.047619047619047616 0.047619047619047616 
3 0.8844744444444446 0.6548436507936508 0.047619047619047616 0.047619047619047616 
3 0.9235519047619049 0.7112493650793651 0.047619047619047616 0.047619047619047616 
3 0.9425622222222223 0.6900830158730159 0.047619047619047616 0.047619047619047616 
3 0.8596904761904762 0.7141480952380952 0.047619047619047616 0.047619047619047616 
3 0.941509365079365 0.6521985714285714 0.047619047619047616 0.047619047619047616 
3 0.31104603174603174 0.7288657142857143 0.047619047619047616 0.047619047619047616 
3 0.21558079365079366 0.7766898412698412 0.047619047619047616 0.047619047619047616 
3 0.20594015873015872 0.6407795238095239 0.047619047619047616 0.047619047619047616 
3 0.0815636507936508 0.895215873015873 0.047619047619047616 0.047619047619047616 
3 0.6891323809523809 0.7267555555555556 0.047619047619047616 0.047619047619047616 
4 0.06055666666666667 0.05365888888888888 0.04126984126984127 0.04126984126984127 
4 0.6642765079365079 0.10577920634920636 0.04126984126984127 0.04126984126984127 
4 0.21254555555555557 0.4871157142857143 0.04126984126984127 0.04126984126984127 
4 0.3841598412698412 0.023593174603174602 0.04126984126984127 0.04126984126984127 
4 0.721891111111111 0.43313476190476186 0.04126984126984127 0.04126984126984127 
4 0.2155661904761905 0.12668888888888888 0.04126984126984127 0.04126984126984127 
4 0.7997703174603175 0.26296174603174605 0.04126984126984127 0.04126984126984127 
4 0.6096665079365079 0.7954528571428572 0.04126984126984127 0.04126984126984127 
4 0.6866250793650793 0.06138190476190476 0.04126984126984127 0.04126984126984127 
4 0.8497558730158731 0.8489926984126984 0.04126984126984127 0.04126984126984127 
4 0.7687315873015873 0.2918668253968254 0.04126984126984127 0.04126984126984127 
4 0.5511463492063493 0.05167555555555555 0.04126984126984127 0.04126984126984127 
4 0.5031746031746032 0.05873015873015873 0.04126984126984127 0.04126984126984127 
4 0.6003284126984128 0.5683087301587302 0.04126984126984127 0.04126984126984127 
4 0.7784931746031746 0.3490679365079365 0.04126984126984127 0.04126984126984127 
4 0.5291988888888889 0.4892211111111111 0.04126984126984127 0.04126984126984127 
4 0.6228174603174603 0.919047619047619 0.04126984126984127 0.04126984126984127 
4 0.6096192063492064 0.29731587301587303 0.04126984126984127 0.04126984126984127 
4 0.8197592063492064 0.3375752380952381 0.04126984126984127 0.04126984126984127 
5 0.8195138095238095 0.992153492063492 0.04285714285714286 0.04285714285714286 
5 0.8695907936507935 0.8985485714285715 0.04285714285714286 0.04285714285714286 
5 0.6223955555555555 0.6601111111111111 0.04285714285714286 0.04285714285714286 
5 0.1263893650793651 0.19570190476190477 0.04285714285714286 0.04285714285714286 
5 0.1924977777777778 0.06292920634920635 0.04285714285714286 0.04285714285714286 
5 0.0713947619047619 0.5315792063492064 0.04285714285714286 0.04285714285714286 
5 0.1016373015873016 0.3526001587301587 0.04285714285714286 0.04285714285714286 
5 0.43381841269841276 0.061577460317460316 0.04285714285714286 0.04285714285714286 
5 0.4420834920634921 0.3747914285714286 0.04285714285714286 0.04285714285714286 
5 0.7433496825396825 0.2455552380952381 0.04285714285714286 0.04285714285714286 
5 0.6340644444444444 0.4440528571428571 0.04285714285714286 0.04285714285714286 
5 0.6079247619047619 0.33803539682539685 0.04285714285714286 0.04285714285714286 
5 0.30239079365079363 0.34482238095238094 0.04285714285714286 0.04285714285714286 
