0 0.6556979365079365 0.8606812698412698 0.01904761904761905 0.01904761904761905 
0 0.43412698412698414 0.7410233333333334 0.01904761904761905 0.01904761904761905 
0 0.46944793650793654 0.7349253968253968 0.01904761904761905 0.01904761904761905 
0 0.4537388888888889 0.7167722222222223 0.01904761904761905 0.01904761904761905 
0 0.24074396825396827 0.7753171428571428 0.01904761904761905 0.01904761904761905 
0 0.20475571428571432 0.7015566666666666 0.01904761904761905 0.01904761904761905 
0 0.1942526984126984 0.9109392063492063 0.01904761904761905 0.01904761904761905 
0 0.17642650793650794 0.9283944444444445 0.01904761904761905 0.01904761904761905 
0 0.12900761904761904 0.08931603174603175 0.01904761904761905 0.01904761904761905 
0 0.45821063492063485 0.10518238095238094 0.01904761904761905 0.01904761904761905 
0 0.11397269841269841 0.649938253968254 0.01904761904761905 0.01904761904761905 
0 0.07257968253968254 0.6566857142857143 0.01904761904761905 0.01904761904761905 
0 0.01109968253968254 0.851195238095238 0.01904761904761905 0.01904761904761905 
2 0.05529238095238095 0.5347611111111111 0.02857142857142857 0.02857142857142857 
2 0.49389825396825404 0.2229198412698413 0.02857142857142857 0.02857142857142857 
2 0.8140104761904762 0.7828934920634921 0.02857142857142857 0.02857142857142857 
2 0.2458995238095238 0.6264185714285714 0.02857142857142857 0.02857142857142857 
2 0.39279206349206347 0.6436768253968255 0.02857142857142857 0.02857142857142857 
3 0.9675719047619049 0.669532380952381 0.047619047619047616 0.047619047619047616 
3 0.7617293650793652 0.7028047619047619 0.047619047619047616 0.047619047619047616 
3 0.6868666666666666 0.7292752380952381 0.047619047619047616 0.047619047619047616 
3 0.7190841269841269 0.6924868253968254 0.047619047619047616 0.047619047619047616 
3 0.2481046031746032 0.9560174603174603 0.047619047619047616 0.047619047619047616 
3 0.040306825396825396 0.9278057142857143 0.047619047619047616 0.047619047619047616 
3 0.7045620634920635 0.7810646031746032 0.047619047619047616 0.047619047619047616 
3 0.20404714285714287 0.6497260317460317 0.047619047619047616 0.047619047619047616 
4 0.16823730158730157 0.05365238095238096 0.04126984126984127 0.04126984126984127 
4 0.8862753968253967 0.8024401587301586 0.04126984126984127 0.04126984126984127 
4 0.5957717460317461 0.5071450793650794 0.04126984126984127 0.04126984126984127 
4 0.7691220634920635 0.9498701587301587 0.04126984126984127 0.04126984126984127 
4 0.5601312698412698 0.9650136507936509 0.04126984126984127 0.04126984126984127 
4 0.718711746031746 0.08135523809523809 0.04126984126984127 0.04126984126984127 
4 0.8106811111111112 0.8170166666666667 0.04126984126984127 0.04126984126984127 
4 0.7375546031746032 0.16253142857142858 0.04126984126984127 0.04126984126984127 
4 0.27875269841269845 0.5091238095238095 0.04126984126984127 0.04126984126984127 
4 0.453999365079365 0.46831619047619044 0.04126984126984127 0.04126984126984127 
5 0.9562498412698414 0.9232263492063493 0.04285714285714286 0.04285714285714286 
5 0.9000950793650793 0.6128584126984127 0.04285714285714286 0.04285714285714286 
5 0.9678022222222223 0.5342707936507937 0.04285714285714286 0.04285714285714286 
5 0.8925499999999998 0.4396414285714286 0.04285714285714286 0.04285714285714286 
5 0.16264095238095236 0.4735079365079365 0.04285714285714286 0.04285714285714286 
5 0.546612380952381 0.13626079365079366 0.04285714285714286 0.04285714285714286 
5 0.6338501587301587 0.029450317460317458 0.04285714285714286 0.04285714285714286 
5 0.736222380952381 0.2928357142857143 0.04285714285714286 0.04285714285714286 
5 0.5655825396825397 0.42064698412698415 0.04285714285714286 0.04285714285714286 
