0 0.380637619047619 0.18041412698412698 0.01904761904761905 0.01904761904761905 
0 0.37138841269841266 0.19696603174603175 0.01904761904761905 0.01904761904761905 
0 0.5148906349206349 0.03014904761904762 0.01904761904761905 0.01904761904761905 
0 0.4917596825396825 0.5032849206349207 0.01904761904761905 0.01904761904761905 
0 0.5067939682539683 0.5155147619047619 0.01904761904761905 0.01904761904761905 
0 0.5968701587301588 0.7867142857142857 0.01904761904761905 0.01904761904761905 
2 0.708441746031746 0.2669687301587302 0.02857142857142857 0.02857142857142857 
2 0.20699190476190477 0.47054619047619045 0.02857142857142857 0.02857142857142857 
2 0.7970357142857143 0.6261107936507936 0.02857142857142857 0.02857142857142857 
3 0.7149390476190477 0.9140153968253968 0.047619047619047616 0.047619047619047616 
3 0.7583014285714286 0.9772119047619048 0.047619047619047616 0.047619047619047616 
3 0.9231250793650794 0.9381704761904762 0.047619047619047616 0.047619047619047616 
3 0.5648353968253969 0.3354871428571429 0.047619047619047616 0.047619047619047616 
3 0.3044307936507937 0.4611712698412698 0.047619047619047616 0.047619047619047616 
3 0.26178619047619045 0.4592669841269842 0.047619047619047616 0.047619047619047616 
3 0.26435126984126983 0.5050774603174604 0.047619047619047616 0.047619047619047616 
3 0.19331746031746033 0.6305792063492064 0.047619047619047616 0.047619047619047616 
3 0.19266492063492063 0.6793996825396825 0.047619047619047616 0.047619047619047616 
3 0.22925968253968257 0.7401622222222222 0.047619047619047616 0.047619047619047616 
3 0.31342444444444445 0.7373584126984127 0.047619047619047616 0.047619047619047616 
3 0.2800492063492063 0.6917396825396825 0.047619047619047616 0.047619047619047616 
3 0.03788174603174603 0.825093492063492 0.047619047619047616 0.047619047619047616 
3 0.09067460317460317 0.7807704761904762 0.047619047619047616 0.047619047619047616 
3 0.08513301587301586 0.8253409523809523 0.047619047619047616 0.047619047619047616 
3 0.08880365079365078 0.7111788888888888 0.047619047619047616 0.047619047619047616 
3 0.06669904761904762 0.6727744444444445 0.047619047619047616 0.047619047619047616 
3 0.01475047619047619 0.6823209523809525 0.047619047619047616 0.047619047619047616 
3 0.2304915873015873 0.8114460317460317 0.047619047619047616 0.047619047619047616 
3 0.7172141269841269 0.7837738095238095 0.047619047619047616 0.047619047619047616 
4 0.4892885714285714 0.43157936507936506 0.04126984126984127 0.04126984126984127 
4 0.2946361904761905 0.8292025396825397 0.04126984126984127 0.04126984126984127 
4 0.19241285714285714 0.3319325396825397 0.04126984126984127 0.04126984126984127 
4 0.4970538095238095 0.2589468253968254 0.04126984126984127 0.04126984126984127 
4 0.324132380952381 0.14659666666666665 0.04126984126984127 0.04126984126984127 
4 0.06264174603174602 0.4653628571428572 0.04126984126984127 0.04126984126984127 
5 0.43183904761904757 0.7684074603174602 0.04285714285714286 0.04285714285714286 
