0 0.4205738095238095 0.7445420634920634 0.01904761904761905 0.01904761904761905 
0 0.42307190476190476 0.7635938095238094 0.01904761904761905 0.01904761904761905 
0 0.4635339682539683 0.7489266666666666 0.01904761904761905 0.01904761904761905 
0 0.5772452380952381 0.9052125396825397 0.01904761904761905 0.01904761904761905 
0 0.05543253968253968 0.6963895238095238 0.01904761904761905 0.01904761904761905 
0 0.05855492063492064 0.842029365079365 0.01904761904761905 0.01904761904761905 
0 0.05546269841269842 0.8578071428571429 0.01904761904761905 0.01904761904761905 
0 0.25959301587301586 0.32583888888888884 0.01904761904761905 0.01904761904761905 
0 0.11839714285714287 0.6378214285714285 0.01904761904761905 0.01904761904761905 
0 0.05955492063492064 0.6685280952380952 0.01904761904761905 0.01904761904761905 
0 0.041046349206349204 0.66405 0.01904761904761905 0.01904761904761905 
2 0.49389825396825404 0.2229198412698413 0.02857142857142857 0.02857142857142857 
2 0.8140104761904762 0.7828934920634921 0.02857142857142857 0.02857142857142857 
2 0.6324250793650793 0.06715174603174603 0.02857142857142857 0.02857142857142857 
2 0.2458995238095238 0.6264185714285714 0.02857142857142857 0.02857142857142857 
2 0.648415873015873 0.2681511111111111 0.02857142857142857 0.02857142857142857 
3 0.7406674603174603 0.8278592063492063 0.047619047619047616 0.047619047619047616 
3 0.7046030158730159 0.7833968253968253 0.047619047619047616 0.047619047619047616 
3 0.9675719047619049 0.669532380952381 0.047619047619047616 0.047619047619047616 
3 0.7617293650793652 0.7028047619047619 0.047619047619047616 0.047619047619047616 
3 0.7603353968253969 0.6607601587301587 0.047619047619047616 0.047619047619047616 
3 0.6868666666666666 0.7292752380952381 0.047619047619047616 0.047619047619047616 
3 0.7437107936507936 0.7531347619047619 0.047619047619047616 0.047619047619047616 
3 0.21466380952380953 0.6914479365079366 0.047619047619047616 0.047619047619047616 
3 0.26631777777777776 0.7433198412698413 0.047619047619047616 0.047619047619047616 
3 0.040306825396825396 0.9278057142857143 0.047619047619047616 0.047619047619047616 
3 0.7968592063492064 0.6737892063492064 0.047619047619047616 0.047619047619047616 
3 0.7045620634920635 0.7810646031746032 0.047619047619047616 0.047619047619047616 
3 0.7247431746031746 0.6901738095238096 0.047619047619047616 0.047619047619047616 
3 0.8844744444444446 0.6548436507936508 0.047619047619047616 0.047619047619047616 
3 0.20404714285714287 0.6497260317460317 0.047619047619047616 0.047619047619047616 
3 0.25933047619047617 0.6947325396825397 0.047619047619047616 0.047619047619047616 
3 0.09786650793650793 0.9338733333333333 0.047619047619047616 0.047619047619047616 
4 0.5601312698412698 0.9650136507936509 0.04126984126984127 0.04126984126984127 
4 0.718711746031746 0.08135523809523809 0.04126984126984127 0.04126984126984127 
4 0.8106811111111112 0.8170166666666667 0.04126984126984127 0.04126984126984127 
4 0.6448450793650793 0.8787555555555555 0.04126984126984127 0.04126984126984127 
4 0.702591111111111 0.9075817460317461 0.04126984126984127 0.04126984126984127 
4 0.38590095238095234 0.9143479365079364 0.04126984126984127 0.04126984126984127 
4 0.41915142857142856 0.33980301587301587 0.04126984126984127 0.04126984126984127 
4 0.3142222222222222 0.3257777777777778 0.04126984126984127 0.04126984126984127 
4 0.27875269841269845 0.5091238095238095 0.04126984126984127 0.04126984126984127 
4 0.453999365079365 0.46831619047619044 0.04126984126984127 0.04126984126984127 
4 0.245085873015873 0.5528912698412699 0.04126984126984127 0.04126984126984127 
4 0.936673015873016 0.0952931746031746 0.04126984126984127 0.04126984126984127 
5 0.024460000000000003 0.7210255555555556 0.04285714285714286 0.04285714285714286 
5 0.8195138095238095 0.992153492063492 0.04285714285714286 0.04285714285714286 
5 0.9562498412698414 0.9232263492063493 0.04285714285714286 0.04285714285714286 
5 0.9678022222222223 0.5342707936507937 0.04285714285714286 0.04285714285714286 
5 0.6183007936507936 0.7530057142857143 0.04285714285714286 0.04285714285714286 
5 0.15619492063492063 0.13991333333333333 0.04285714285714286 0.04285714285714286 
5 0.19597412698412697 0.22487142857142858 0.04285714285714286 0.04285714285714286 
5 0.11321317460317462 0.5239293650793652 0.04285714285714286 0.04285714285714286 
5 0.16264095238095236 0.4735079365079365 0.04285714285714286 0.04285714285714286 
5 0.546612380952381 0.13626079365079366 0.04285714285714286 0.04285714285714286 
5 0.6338501587301587 0.029450317460317458 0.04285714285714286 0.04285714285714286 
5 0.4588903174603175 0.27263126984126984 0.04285714285714286 0.04285714285714286 
5 0.5655825396825397 0.42064698412698415 0.04285714285714286 0.04285714285714286 
