0 0.47566142857142857 0.7507936507936508 0.01904761904761905 0.01904761904761905 
0 0.4693966666666667 0.769098253968254 0.01904761904761905 0.01904761904761905 
0 0.22558968253968253 0.7678682539682539 0.01904761904761905 0.01904761904761905 
0 0.21339761904761903 0.796201746031746 0.01904761904761905 0.01904761904761905 
0 0.2564214285714286 0.8292155555555556 0.01904761904761905 0.01904761904761905 
0 0.24279809523809523 0.8415969841269841 0.01904761904761905 0.01904761904761905 
0 0.2768653968253968 0.8129198412698413 0.01904761904761905 0.01904761904761905 
0 0.11700476190476189 0.8980231746031746 0.01904761904761905 0.01904761904761905 
0 0.18290714285714288 0.9141680952380952 0.01904761904761905 0.01904761904761905 
0 0.4807680952380952 0.45422936507936507 0.01904761904761905 0.01904761904761905 
0 0.15590984126984125 0.7482796825396826 0.01904761904761905 0.01904761904761905 
0 0.15824238095238097 0.7126169841269842 0.01904761904761905 0.01904761904761905 
0 0.33093158730158734 0.8285922222222223 0.01904761904761905 0.01904761904761905 
0 0.21617904761904763 0.9052822222222222 0.01904761904761905 0.01904761904761905 
0 0.17661444444444444 0.9433903174603175 0.01904761904761905 0.01904761904761905 
2 0.39279206349206347 0.6436768253968255 0.02857142857142857 0.02857142857142857 
3 0.9675719047619049 0.669532380952381 0.047619047619047616 0.047619047619047616 
3 0.6868666666666666 0.7292752380952381 0.047619047619047616 0.047619047619047616 
3 0.7190841269841269 0.6924868253968254 0.047619047619047616 0.047619047619047616 
3 0.2481046031746032 0.9560174603174603 0.047619047619047616 0.047619047619047616 
3 0.7045620634920635 0.7810646031746032 0.047619047619047616 0.047619047619047616 
4 0.5541996825396825 0.31180555555555556 0.04126984126984127 0.04126984126984127 
4 0.16823730158730157 0.05365238095238096 0.04126984126984127 0.04126984126984127 
4 0.8862753968253967 0.8024401587301586 0.04126984126984127 0.04126984126984127 
4 0.5957717460317461 0.5071450793650794 0.04126984126984127 0.04126984126984127 
4 0.7691220634920635 0.9498701587301587 0.04126984126984127 0.04126984126984127 
4 0.4443923809523809 0.8082574603174604 0.04126984126984127 0.04126984126984127 
4 0.7375546031746032 0.16253142857142858 0.04126984126984127 0.04126984126984127 
5 0.9000950793650793 0.6128584126984127 0.04285714285714286 0.04285714285714286 
5 0.8925499999999998 0.4396414285714286 0.04285714285714286 0.04285714285714286 
5 0.736222380952381 0.2928357142857143 0.04285714285714286 0.04285714285714286 
