0 0.14133555555555555 0.8913903174603175 0.01904761904761905 0.01904761904761905 
0 0.8706693650793651 0.440415873015873 0.01904761904761905 0.01904761904761905 
0 0.1034920634920635 0.7260657142857143 0.01904761904761905 0.01904761904761905 
0 0.18876777777777778 0.7749949206349206 0.01904761904761905 0.01904761904761905 
0 0.26188460317460316 0.7913150793650794 0.01904761904761905 0.01904761904761905 
2 0.9318911111111111 0.40571349206349205 0.02857142857142857 0.02857142857142857 
2 0.47015873015873016 0.1716931746031746 0.02857142857142857 0.02857142857142857 
2 0.3475888888888889 0.14794412698412698 0.02857142857142857 0.02857142857142857 
2 0.07701920634920635 0.3512371428571428 0.02857142857142857 0.02857142857142857 
2 0.9569096825396826 0.28806984126984125 0.02857142857142857 0.02857142857142857 
3 0.8380103174603175 0.724518253968254 0.047619047619047616 0.047619047619047616 
3 0.0653215873015873 0.05010063492063492 0.047619047619047616 0.047619047619047616 
3 0.1830026984126984 0.07662603174603175 0.047619047619047616 0.047619047619047616 
3 0.11501984126984127 0.14391841269841268 0.047619047619047616 0.047619047619047616 
3 0.1337752380952381 0.3632506349206349 0.047619047619047616 0.047619047619047616 
4 0.3236206349206349 0.0339747619047619 0.04126984126984127 0.04126984126984127 
4 0.23881587301587304 0.5812730158730158 0.04126984126984127 0.04126984126984127 
4 0.34391396825396825 0.3174871428571429 0.04126984126984127 0.04126984126984127 
4 0.6282112698412698 0.3625584126984127 0.04126984126984127 0.04126984126984127 
4 0.4160269841269841 0.238884126984127 0.04126984126984127 0.04126984126984127 
5 0.43910936507936515 0.029451111111111112 0.04285714285714286 0.04285714285714286 
5 0.12766190476190475 0.9233547619047621 0.04285714285714286 0.04285714285714286 
