0 0.8647793650793649 0.5534063492063492 0.01904761904761905 0.01904761904761905 
0 0.14760825396825397 0.7181561904761905 0.01904761904761905 0.01904761904761905 
0 0.3517384126984128 0.7451590476190477 0.01904761904761905 0.01904761904761905 
2 0.8521541269841268 0.5214285714285715 0.02857142857142857 0.02857142857142857 
2 0.24481507936507935 0.6511547619047618 0.02857142857142857 0.02857142857142857 
2 0.0683231746031746 0.9146479365079365 0.02857142857142857 0.02857142857142857 
3 0.5269079365079365 0.8692539682539683 0.047619047619047616 0.047619047619047616 
3 0.5836503174603175 0.8367112698412699 0.047619047619047616 0.047619047619047616 
3 0.5611623809523809 0.7949228571428572 0.047619047619047616 0.047619047619047616 
3 0.3359263492063492 0.8237509523809524 0.047619047619047616 0.047619047619047616 
3 0.7833273015873017 0.9636922222222223 0.047619047619047616 0.047619047619047616 
3 0.891420634920635 0.779275873015873 0.047619047619047616 0.047619047619047616 
3 0.8470320634920634 0.7878604761904762 0.047619047619047616 0.047619047619047616 
3 0.08649587301587301 0.19009365079365076 0.047619047619047616 0.047619047619047616 
3 0.08556809523809523 0.2226125396825397 0.047619047619047616 0.047619047619047616 
3 0.04074380952380952 0.83281 0.047619047619047616 0.047619047619047616 
3 0.3179495238095238 0.5284084126984127 0.047619047619047616 0.047619047619047616 
3 0.15177142857142856 0.38387063492063495 0.047619047619047616 0.047619047619047616 
3 0.16013968253968255 0.4320171428571428 0.047619047619047616 0.047619047619047616 
3 0.24353206349206347 0.42122968253968246 0.047619047619047616 0.047619047619047616 
3 0.8386363492063491 0.19833285714285714 0.047619047619047616 0.047619047619047616 
3 0.9371177777777777 0.24851269841269844 0.047619047619047616 0.047619047619047616 
3 0.870278253968254 0.290111746031746 0.047619047619047616 0.047619047619047616 
3 0.7599906349206349 0.2305636507936508 0.047619047619047616 0.047619047619047616 
3 0.7241252380952381 0.26052698412698416 0.047619047619047616 0.047619047619047616 
3 0.6613053968253969 0.215241746031746 0.047619047619047616 0.047619047619047616 
4 0.2219185714285714 0.5993507936507937 0.04126984126984127 0.04126984126984127 
4 0.6058946031746032 0.22055507936507937 0.04126984126984127 0.04126984126984127 
4 0.8585771428571428 0.8912411111111112 0.04126984126984127 0.04126984126984127 
4 0.8161663492063492 0.4067287301587302 0.04126984126984127 0.04126984126984127 
4 0.5369047619047619 0.4452380952380952 0.04126984126984127 0.04126984126984127 
4 0.517672380952381 0.38773142857142856 0.04126984126984127 0.04126984126984127 
4 0.3024325396825397 0.5917538095238095 0.04126984126984127 0.04126984126984127 
4 0.37222222222222223 0.8964285714285715 0.04126984126984127 0.04126984126984127 
4 0.3655715873015873 0.9521398412698412 0.04126984126984127 0.04126984126984127 
4 0.06825396825396825 0.42698412698412697 0.04126984126984127 0.04126984126984127 
4 0.2546736507936508 0.11032999999999998 0.04126984126984127 0.04126984126984127 
4 0.17623936507936508 0.9102563492063492 0.04126984126984127 0.04126984126984127 
4 0.4996980952380952 0.5134417460317461 0.04126984126984127 0.04126984126984127 
4 0.24472666666666665 0.648036507936508 0.04126984126984127 0.04126984126984127 
5 0.47788349206349207 0.39192650793650796 0.04285714285714286 0.04285714285714286 
5 0.31905650793650797 0.7543838095238096 0.04285714285714286 0.04285714285714286 
5 0.3562012698412699 0.6841369841269841 0.04285714285714286 0.04285714285714286 
5 0.6663853968253969 0.8785044444444444 0.04285714285714286 0.04285714285714286 
5 0.9045298412698413 0.5287979365079365 0.04285714285714286 0.04285714285714286 
