0 0.2675888888888889 0.6055919047619047 0.01904761904761905 0.01904761904761905 
3 0.36966809523809524 0.8143152380952381 0.047619047619047616 0.047619047619047616 
3 0.30920333333333333 0.8558268253968253 0.047619047619047616 0.047619047619047616 
3 0.34235 0.8904398412698412 0.047619047619047616 0.047619047619047616 
3 0.4315890476190476 0.8090063492063492 0.047619047619047616 0.047619047619047616 
3 0.12823 0.6631380952380953 0.047619047619047616 0.047619047619047616 
3 0.07785809523809523 0.8373207936507937 0.047619047619047616 0.047619047619047616 
3 0.14011428571428572 0.8152739682539681 0.047619047619047616 0.047619047619047616 
3 0.17753460317460318 0.574538253968254 0.047619047619047616 0.047619047619047616 
3 0.04097460317460318 0.8590698412698413 0.047619047619047616 0.047619047619047616 
4 0.23787079365079364 0.6699588888888889 0.04126984126984127 0.04126984126984127 
