0 0.3436574603174603 0.732977619047619 0.01904761904761905 0.01904761904761905 
0 0.3613323809523809 0.7314700000000001 0.01904761904761905 0.01904761904761905 
2 0.9035203174603175 0.057741269841269836 0.02857142857142857 0.02857142857142857 
2 0.49404650793650795 0.4399688888888889 0.02857142857142857 0.02857142857142857 
2 0.32681126984126985 0.6236890476190476 0.02857142857142857 0.02857142857142857 
3 0.5836503174603175 0.8367112698412699 0.047619047619047616 0.047619047619047616 
3 0.7833273015873017 0.9636922222222223 0.047619047619047616 0.047619047619047616 
3 0.08649587301587301 0.19009365079365076 0.047619047619047616 0.047619047619047616 
3 0.08556809523809523 0.2226125396825397 0.047619047619047616 0.047619047619047616 
3 0.15177142857142856 0.38387063492063495 0.047619047619047616 0.047619047619047616 
3 0.16013968253968255 0.4320171428571428 0.047619047619047616 0.047619047619047616 
3 0.24353206349206347 0.42122968253968246 0.047619047619047616 0.047619047619047616 
3 0.8386363492063491 0.19833285714285714 0.047619047619047616 0.047619047619047616 
3 0.9146466666666666 0.27762492063492067 0.047619047619047616 0.047619047619047616 
3 0.9371177777777777 0.24851269841269844 0.047619047619047616 0.047619047619047616 
3 0.870278253968254 0.290111746031746 0.047619047619047616 0.047619047619047616 
3 0.7599906349206349 0.2305636507936508 0.047619047619047616 0.047619047619047616 
3 0.7241252380952381 0.26052698412698416 0.047619047619047616 0.047619047619047616 
4 0.8508233333333333 0.6599638095238095 0.04126984126984127 0.04126984126984127 
4 0.35644492063492067 0.28409 0.04126984126984127 0.04126984126984127 
4 0.8751142857142857 0.7357636507936508 0.04126984126984127 0.04126984126984127 
4 0.8585771428571428 0.8912411111111112 0.04126984126984127 0.04126984126984127 
4 0.37222222222222223 0.8964285714285715 0.04126984126984127 0.04126984126984127 
4 0.3655715873015873 0.9521398412698412 0.04126984126984127 0.04126984126984127 
4 0.5596487301587301 0.02910793650793651 0.04126984126984127 0.04126984126984127 
4 0.16739349206349205 0.48314793650793647 0.04126984126984127 0.04126984126984127 
4 0.06825396825396825 0.42698412698412697 0.04126984126984127 0.04126984126984127 
4 0.3619549206349206 0.5366273015873015 0.04126984126984127 0.04126984126984127 
4 0.44285714285714284 0.6261904761904762 0.04126984126984127 0.04126984126984127 
4 0.17623936507936508 0.9102563492063492 0.04126984126984127 0.04126984126984127 
4 0.4996980952380952 0.5134417460317461 0.04126984126984127 0.04126984126984127 
5 0.4896655555555556 0.07731492063492063 0.04285714285714286 0.04285714285714286 
5 0.47788349206349207 0.39192650793650796 0.04285714285714286 0.04285714285714286 
5 0.04593460317460317 0.6529204761904763 0.04285714285714286 0.04285714285714286 
5 0.15571904761904762 0.3032604761904762 0.04285714285714286 0.04285714285714286 
5 0.2486350793650794 0.7476684126984127 0.04285714285714286 0.04285714285714286 
5 0.3562012698412699 0.6841369841269841 0.04285714285714286 0.04285714285714286 
5 0.6663853968253969 0.8785044444444444 0.04285714285714286 0.04285714285714286 
5 0.9045298412698413 0.5287979365079365 0.04285714285714286 0.04285714285714286 
